-1.792287081480026245e-01
9.309296309947967529e-02
2.702346630394458771e-02
7.947003468871116638e-03
-6.064598262310028076e-02
-4.824264440685510635e-03
1.722667366266250610e-03
-1.370999962091445923e-01
1.535692214965820312e-01
-1.411443054676055908e-01
2.595443129539489746e-01
-5.924188718199729919e-02
-1.948267519474029541e-01
-1.150338575243949890e-01
2.233335375785827637e-02
1.591220647096633911e-01
-9.188275784254074097e-02
-1.807692945003509521e-01
-3.487730398774147034e-02
-4.838229343295097351e-02
9.939320385456085205e-02
-1.900374144315719604e-02
1.262175757437944412e-02
7.312285900115966797e-02
-1.279524266719818115e-01
-3.550212085247039795e-01
-1.097665578126907349e-01
-1.091646626591682434e-01
-1.678268797695636749e-02
-1.431835293769836426e-01
1.971103437244892120e-02
3.214323893189430237e-02
-1.259302496910095215e-01
1.270873192697763443e-02
-1.281748246401548386e-02
9.368801116943359375e-02
-1.990713179111480713e-03
3.180183842778205872e-02
1.940573751926422119e-01
1.546027325093746185e-02
-2.460151165723800659e-01
1.216204836964607239e-02
7.140537351369857788e-02
3.026124536991119385e-01
1.766660213470458984e-01
7.139986008405685425e-02
2.862991765141487122e-03
-9.157226979732513428e-02
8.842706680297851562e-02
-1.559660583734512329e-01
5.208123847842216492e-02
1.019578129053115845e-01
1.017356365919113159e-01
1.114581432193517685e-02
9.704815223813056946e-03
-1.437164098024368286e-01
-3.085296787321567535e-02
4.261908680200576782e-02
-2.652414441108703613e-01
6.910523027181625366e-02
1.037180647253990173e-01
-8.505602180957794189e-02
-1.469454020261764526e-01
-5.249311402440071106e-02
1.972671300172805786e-01
1.814546734094619751e-01
-1.462519019842147827e-01
-2.104670852422714233e-01
1.509813070297241211e-01
-2.448804676532745361e-01
-8.218121528625488281e-02
1.247566267848014832e-01
-1.477031260728836060e-01
-1.957562714815139771e-01
-3.015503883361816406e-01
-1.566302031278610229e-02
4.097934365272521973e-01
4.849196970462799072e-02
-1.389014124870300293e-01
-7.524073123931884766e-03
1.575013063848018646e-02
-6.030881777405738831e-04
5.921826511621475220e-02
1.383476257324218750e-01
-7.098934799432754517e-02
2.222826518118381500e-02
-6.784870475530624390e-02
1.410507503896951675e-02
1.653297394514083862e-01
3.875174373388290405e-02
-6.787218898534774780e-02
1.834017485380172729e-01
-1.310287043452262878e-02
2.882957831025123596e-02
2.751295268535614014e-02
9.003031998872756958e-02
-3.461253643035888672e-02
-1.718298718333244324e-02
-1.379562914371490479e-01
-5.727730691432952881e-02
-6.218009814620018005e-02
-8.896460384130477905e-02
-1.052680611610412598e-02
4.645777493715286255e-02
-2.030329555273056030e-01
2.250891178846359253e-01
-7.720394060015678406e-03
3.389381617307662964e-02
-5.952090770006179810e-02
4.584147781133651733e-02
-1.229274421930313110e-01
3.405994921922683716e-02
1.469610780477523804e-01
-2.688337266445159912e-01
1.508347690105438232e-01
1.989271789789199829e-01
8.840545266866683960e-02
1.023051515221595764e-01
8.741024136543273926e-02
7.323779165744781494e-02
-1.498435996472835541e-02
-2.280725166201591492e-03
-2.443888932466506958e-01
-2.405807934701442719e-02
8.240242488682270050e-03
-9.491784125566482544e-02
9.515158087015151978e-02
2.247395552694797516e-02
