-1.670146733522415161e-01
6.937161833047866821e-02
5.482853204011917114e-02
-1.983645185828208923e-02
-6.144784390926361084e-02
-3.341836854815483093e-02
2.208796329796314240e-02
-1.474755108356475830e-01
1.260124146938323975e-01
-6.365343183279037476e-02
3.056736588478088379e-01
-1.343968957662582397e-01
-2.525565326213836670e-01
-1.333884447813034058e-01
1.833189278841018677e-02
1.682540476322174072e-01
-8.360421657562255859e-02
-1.964835524559020996e-01
-2.612522058188915253e-02
-1.163572538644075394e-02
5.826445668935775757e-02
-3.637092188000679016e-02
-6.329901516437530518e-03
6.681299209594726562e-02
-1.249930784106254578e-01
-3.441992104053497314e-01
-8.921457082033157349e-02
-9.153115749359130859e-02
-5.687417089939117432e-02
-6.154560297727584839e-02
2.736718021333217621e-02
1.078517064452171326e-01
-1.606503576040267944e-01
-6.405267119407653809e-02
1.281034573912620544e-02
1.255557835102081299e-01
-1.904716948047280312e-03
2.247302420437335968e-02
2.097909897565841675e-01
-2.495925873517990112e-02
-2.393710464239120483e-01
-2.320695295929908752e-02
7.530608773231506348e-02
2.870240807533264160e-01
1.278582066297531128e-01
1.225392147898674011e-02
2.657951787114143372e-02
-1.013530716300010681e-01
1.026502251625061035e-02
-1.691291183233261108e-01
7.811225205659866333e-02
1.510737836360931396e-01
1.328381150960922241e-01
7.619394361972808838e-02
-1.193195395171642303e-02
-1.327982693910598755e-01
1.329541858285665512e-02
6.539589166641235352e-02
-1.953757107257843018e-01
-4.590181633830070496e-03
1.065389811992645264e-01
-4.566039890050888062e-02
-5.058337002992630005e-02
-6.406129896640777588e-02
2.396772950887680054e-01
8.455031365156173706e-02
-1.175693348050117493e-01
-1.724679768085479736e-01
1.324106454849243164e-01
-1.395877897739410400e-01
-1.411886364221572876e-01
7.083109021186828613e-02
-1.805194616317749023e-01
-1.931999772787094116e-01
-3.821733593940734863e-01
5.256753414869308472e-02
3.461238741874694824e-01
4.935371875762939453e-02
-2.222090065479278564e-01
7.035405933856964111e-02
-4.292042925953865051e-02
-8.079366758465766907e-03
5.844848975539207458e-02
1.246064752340316772e-01
-3.929728642106056213e-03
7.510214298963546753e-02
-8.096148073673248291e-02
-9.663845412433147430e-03
1.507963687181472778e-01
-3.519842028617858887e-02
-4.860368371009826660e-02
2.043821662664413452e-01
2.416656166315078735e-02
3.866710886359214783e-02
7.707992941141128540e-02
7.343512773513793945e-02
3.547033667564392090e-02
1.819465495645999908e-02
-1.730361133813858032e-01
-8.643799461424350739e-03
-8.997716009616851807e-03
-9.115902706980705261e-03
5.170911550521850586e-03
6.899128854274749756e-02
-2.140333056449890137e-01
1.876803189516067505e-01
4.076226800680160522e-02
2.499758638441562653e-02
-4.890556633472442627e-02
1.699031889438629150e-02
-7.135964930057525635e-02
-4.656754434108734131e-02
1.409939229488372803e-01
-2.858247160911560059e-01
1.379007399082183838e-01
1.758395433425903320e-01
7.567311078310012817e-02
1.226851865649223328e-01
1.163228303194046021e-01
6.728172302246093750e-02
9.027348831295967102e-03
-2.851031720638275146e-03
-1.991688013076782227e-01
-3.559241886250674725e-04
8.415142446756362915e-02
-2.006692066788673401e-02
4.518005251884460449e-02
1.010682880878448486e-01
