-2.092446833848953247e-01
8.589484542608261108e-02
-4.610173404216766357e-03
2.173774130642414093e-02
-8.245356380939483643e-02
-5.335126072168350220e-02
1.131731085479259491e-02
-1.343174129724502563e-01
1.294269561767578125e-01
-8.690539747476577759e-02
2.734545469284057617e-01
-6.791263073682785034e-02
-2.233278602361679077e-01
-1.515576690435409546e-01
3.204090893268585205e-02
1.421465575695037842e-01
-8.075397461652755737e-02
-1.698777973651885986e-01
-2.164213173091411591e-02
-2.413598448038101196e-02
1.385580748319625854e-01
-2.533359080553054810e-02
1.144961547106504440e-02
8.112654834985733032e-02
-1.139070317149162292e-01
-3.525458872318267822e-01
-1.098583862185478210e-01
-1.058981269598007202e-01
8.466310799121856689e-03
-1.252709925174713135e-01
6.412988528609275818e-03
4.219550639390945435e-02
-1.191745325922966003e-01
-1.572332344949245453e-02
-1.167084090411663055e-03
1.206818670034408569e-01
-1.287162676453590393e-02
4.233320243656635284e-03
1.828428953886032104e-01
-4.959113895893096924e-03
-2.417682409286499023e-01
-1.460681017488241196e-02
6.729475408792495728e-02
3.100085854530334473e-01
1.821035891771316528e-01
1.284633483737707138e-02
5.013498477637767792e-03
-1.043188348412513733e-01
7.996813207864761353e-02
-1.790736317634582520e-01
3.610898554325103760e-02
1.166874170303344727e-01
9.621279686689376831e-02
1.546930335462093353e-02
4.772961884737014771e-02
-1.475263386964797974e-01
-7.077129557728767395e-03
9.660279005765914917e-02
-3.075449764728546143e-01
3.685908392071723938e-02
8.240097761154174805e-02
-6.337131559848785400e-02
-1.370329260826110840e-01
-8.800768107175827026e-02
1.933206021785736084e-01
1.793829947710037231e-01
-1.567188650369644165e-01
-1.948503851890563965e-01
1.459102332592010498e-01
-2.300836145877838135e-01
-7.352352142333984375e-02
1.346349269151687622e-01
-1.468949168920516968e-01
-2.195189595222473145e-01
-3.307035565376281738e-01
9.175762534141540527e-05
3.939160406589508057e-01
5.706322193145751953e-02
-1.565161049365997314e-01
7.534119766205549240e-03
1.100125443190336227e-02
-1.522829569876194000e-02
8.013044297695159912e-02
1.001118049025535583e-01
-5.667548254132270813e-02
9.723600000143051147e-03
-1.217857375741004944e-01
5.746017210185527802e-03
1.326554119586944580e-01
2.691710926592350006e-02
-3.172739967703819275e-02
1.861601471900939941e-01
6.577047519385814667e-03
2.758928202092647552e-02
5.299466475844383240e-02
1.212069839239120483e-01
-4.756552726030349731e-02
-2.288315817713737488e-02
-1.569457352161407471e-01
-4.328068345785140991e-02
-6.140574067831039429e-02
-1.321857571601867676e-01
-1.604895107448101044e-02
4.441331326961517334e-02
-1.785246729850769043e-01
1.830689609050750732e-01
3.160956129431724548e-02
2.689215168356895447e-02
-8.916870504617691040e-02
-4.043804481625556946e-02
-1.113218665122985840e-01
5.437742546200752258e-02
1.193508058786392212e-01
-2.938843369483947754e-01
1.672640442848205566e-01
1.716011166572570801e-01
9.301460534334182739e-02
1.203318387269973755e-01
6.643783301115036011e-02
3.639288246631622314e-02
-4.346415027976036072e-02
-5.208491906523704529e-02
-2.261382192373275757e-01
3.810256253927946091e-03
5.725027061998844147e-03
-8.738286793231964111e-02
4.672507196664810181e-02
1.598439365625381470e-02
