-1.705288738012313843e-01
4.762995615601539612e-02
1.710359379649162292e-02
-3.075797297060489655e-02
-6.551916897296905518e-02
-2.388469874858856201e-03
1.072351261973381042e-02
-1.462881416082382202e-01
1.691711395978927612e-01
-1.224499046802520752e-01
2.804487347602844238e-01
-4.204748570919036865e-02
-2.310588210821151733e-01
-1.348190754652023315e-01
8.090883493423461914e-03
1.482956409454345703e-01
-1.479182094335556030e-01
-1.727206557989120483e-01
2.255428209900856018e-02
-1.557112485170364380e-02
1.186154559254646301e-01
-1.926333829760551453e-02
-2.774799615144729614e-02
7.003257423639297485e-02
-9.129864722490310669e-02
-3.721002638339996338e-01
-1.307545751333236694e-01
-1.107844561338424683e-01
-2.801314927637577057e-03
-1.245270371437072754e-01
1.135752256959676743e-02
3.271167725324630737e-02
-1.426878124475479126e-01
-3.614699095487594604e-02
4.156757146120071411e-03
1.024466231465339661e-01
-4.009081423282623291e-02
1.819659397006034851e-02
1.801255345344543457e-01
-1.910674851387739182e-03
-2.430162131786346436e-01
-4.518240224570035934e-03
9.466034173965454102e-02
2.980590760707855225e-01
1.662490665912628174e-01
7.524872571229934692e-02
-2.893126755952835083e-02
-1.025200486183166504e-01
1.002683117985725403e-01
-2.004117965698242188e-01
3.743469715118408203e-02
1.195312216877937317e-01
1.146766841411590576e-01
4.207596555352210999e-02
-7.514984346926212311e-03
-1.388680338859558105e-01
-1.253382116556167603e-02
3.961725160479545593e-02
-2.675622999668121338e-01
6.506343185901641846e-02
1.027126088738441467e-01
-1.324864327907562256e-01
-1.068141162395477295e-01
-3.548329696059226990e-02
1.995895504951477051e-01
1.184948533773422241e-01
-1.657758951187133789e-01
-1.990972608327865601e-01
1.285399794578552246e-01
-2.291348427534103394e-01
-1.160947903990745544e-01
9.504052251577377319e-02
-1.392950713634490967e-01
-2.126197963953018188e-01
-3.353416323661804199e-01
8.408771827816963196e-03
4.256345629692077637e-01
3.904213011264801025e-02
-1.332336366176605225e-01
3.612589463591575623e-02
-1.581170409917831421e-02
-2.699249424040317535e-02
7.973010092973709106e-02
1.533024013042449951e-01
-1.352890580892562866e-02
1.913084089756011963e-02
-9.337300807237625122e-02
7.641741074621677399e-03
1.651960015296936035e-01
-9.041058830916881561e-03
-2.931132167577743530e-02
2.001300901174545288e-01
-2.287790924310684204e-02
1.020900979638099670e-01
3.578944131731987000e-02
1.355557590723037720e-01
-3.292614221572875977e-02
1.018301490694284439e-02
-1.608880013227462769e-01
-3.325090184807777405e-02
-3.711142018437385559e-02
-5.475131049752235413e-02
8.046280592679977417e-03
6.187763065099716187e-02
-1.884675920009613037e-01
2.243442386388778687e-01
3.337481245398521423e-02
2.292381413280963898e-02
-3.116402402520179749e-02
-2.412483468651771545e-02
-1.222933232784271240e-01
1.046436838805675507e-02
1.272006630897521973e-01
-2.980241477489471436e-01
1.912013739347457886e-01
2.028938382863998413e-01
1.131296306848526001e-01
1.199142634868621826e-01
9.275043755769729614e-02
1.802304387092590332e-02
-1.062977872788906097e-02
-5.868833884596824646e-02
-2.680818736553192139e-01
-1.718827895820140839e-02
2.295259013772010803e-02
-7.250963151454925537e-02
5.935511738061904907e-02
5.332203116267919540e-03
