-1.790565699338912964e-01
5.982330814003944397e-02
3.813777491450309753e-02
-6.707658991217613220e-03
-7.026917487382888794e-02
-2.494744956493377686e-02
7.958975620567798615e-03
-1.173827946186065674e-01
1.339542716741561890e-01
-9.471325576305389404e-02
2.911355495452880859e-01
-3.430628404021263123e-02
-1.933462321758270264e-01
-1.460115313529968262e-01
5.343430861830711365e-02
1.182338446378707886e-01
-1.208113431930541992e-01
-1.716931164264678955e-01
-1.013798825442790985e-02
-2.562467008829116821e-02
9.683834761381149292e-02
-4.335605725646018982e-02
-1.346042845398187637e-02
9.039314091205596924e-02
-9.920419007539749146e-02
-3.664817512035369873e-01
-1.303784400224685669e-01
-1.283455342054367065e-01
5.502110719680786133e-02
-1.423022896051406860e-01
-1.067251712083816528e-02
1.440834486857056618e-03
-1.355656981468200684e-01
-3.549387678503990173e-02
-8.938686922192573547e-03
9.515873342752456665e-02
-2.496317401528358459e-02
-1.634649746119976044e-02
1.853216886520385742e-01
-1.577288284897804260e-02
-2.225619852542877197e-01
-9.479885920882225037e-03
7.423784583806991577e-02
2.934644520282745361e-01
1.871095150709152222e-01
3.057890199124813080e-02
9.075977839529514313e-03
-5.374871194362640381e-02
1.030035167932510376e-01
-1.866762638092041016e-01
5.186871439218521118e-02
1.111222356557846069e-01
1.372261792421340942e-01
1.301188394427299500e-02
4.234280437231063843e-02
-1.380607783794403076e-01
-4.764449968934059143e-02
1.010470986366271973e-01
-2.854056656360626221e-01
8.059929311275482178e-02
8.132390677928924561e-02
-7.372400164604187012e-02
-1.380709260702133179e-01
-9.181354194879531860e-02
1.881260424852371216e-01
1.635584980249404907e-01
-1.803153306245803833e-01
-1.760887354612350464e-01
1.680794656276702881e-01
-2.086358517408370972e-01
-7.503085583448410034e-02
9.617460519075393677e-02
-1.468121707439422607e-01
-1.921543031930923462e-01
-3.164981305599212646e-01
9.901361539959907532e-03
4.099489748477935791e-01
4.464096948504447937e-02
-1.286859363317489624e-01
1.349051669239997864e-02
-2.521533705294132233e-02
-2.520039305090904236e-02
1.034217141568660736e-02
1.030049026012420654e-01
-6.525984406471252441e-02
2.478385716676712036e-02
-7.572167366743087769e-02
3.575383499264717102e-02
1.200940981507301331e-01
6.038209795951843262e-02
1.179025159217417240e-03
1.720259934663772583e-01
-3.661629185080528259e-02
5.669992789626121521e-02
3.279994055628776550e-02
1.230112016201019287e-01
-3.372143954038619995e-02
-2.867290750145912170e-02
-1.456263363361358643e-01
-5.410073325037956238e-03
-7.308112829923629761e-02
-1.241840049624443054e-01
3.936380613595247269e-03
5.606075376272201538e-02
-2.041634172201156616e-01
1.938524395227432251e-01
3.912575170397758484e-02
3.410829603672027588e-02
-5.203172564506530762e-02
-7.481436710804700851e-03
-1.191861033439636230e-01
5.332121253013610840e-02
1.327044963836669922e-01
-3.201502263545989990e-01
1.621002107858657837e-01
1.934051811695098877e-01
1.042083352804183960e-01
1.013601422309875488e-01
6.043543666601181030e-02
7.416865788400173187e-03
-2.154958248138427734e-02
-7.379310578107833862e-02
-2.691499888896942139e-01
-1.275977399200201035e-02
-1.189625076949596405e-02
-1.110120862722396851e-01
3.567306324839591980e-02
3.068338893353939056e-02
