-1.889521330595016479e-01
7.765394449234008789e-02
-8.934695273637771606e-03
-8.443983271718025208e-03
-8.083860576152801514e-02
-4.016773775219917297e-02
-2.186578698456287384e-03
-1.372729241847991943e-01
1.225838214159011841e-01
-9.781575202941894531e-02
2.546539604663848877e-01
-7.373820245265960693e-02
-2.121759951114654541e-01
-1.549985706806182861e-01
1.023544371128082275e-02
1.387393921613693237e-01
-1.433053761720657349e-01
-1.845898628234863281e-01
4.820572212338447571e-03
-1.792383939027786255e-02
1.246364116668701172e-01
-1.323100924491882324e-02
-1.105544902384281158e-02
7.119412720203399658e-02
-1.044688075780868530e-01
-3.437092006206512451e-01
-1.078367158770561218e-01
-1.161979138851165771e-01
-7.419483736157417297e-04
-1.191037222743034363e-01
3.086261823773384094e-02
3.886893764138221741e-02
-1.219595149159431458e-01
-1.105169020593166351e-02
1.628798432648181915e-02
1.259059458971023560e-01
-1.219988055527210236e-02
1.475593168288469315e-02
1.784291565418243408e-01
-2.635941840708255768e-02
-2.426148205995559692e-01
-9.849176742136478424e-03
9.278663247823715210e-02
3.193728029727935791e-01
1.971545815467834473e-01
3.070274926722049713e-02
-1.524337753653526306e-02
-8.724930137395858765e-02
1.095837876200675964e-01
-1.740439385175704956e-01
2.742269076406955719e-02
1.258314698934555054e-01
9.826009720563888550e-02
1.043600589036941528e-02
2.905403822660446167e-02
-1.402850449085235596e-01
-7.855385541915893555e-03
8.616636693477630615e-02
-2.690665721893310547e-01
3.365554660558700562e-02
1.112364754080772400e-01
-9.720975905656814575e-02
-1.146330237388610840e-01
-7.717780768871307373e-02
1.777052879333496094e-01
1.226785853505134583e-01
-1.579954028129577637e-01
-2.082317173480987549e-01
1.403054147958755493e-01
-2.379172742366790771e-01
-9.224108606576919556e-02
1.253290474414825439e-01
-1.471837311983108521e-01
-1.950000375509262085e-01
-3.237923085689544678e-01
-2.840849757194519043e-02
4.051550924777984619e-01
4.766678810119628906e-02
-1.240877211093902588e-01
3.008558601140975952e-02
2.072724327445030212e-02
-9.100344032049179077e-03
8.082684874534606934e-02
1.246269494295120239e-01
-3.316530212759971619e-02
1.860870234668254852e-02
-1.257697939872741699e-01
8.896728046238422394e-03
1.467384397983551025e-01
1.855766400694847107e-02
-3.078372217714786530e-02
1.548046916723251343e-01
-1.528665143996477127e-02
3.845685720443725586e-02
4.822512716054916382e-02
9.803642332553863525e-02
-3.730900958180427551e-02
-4.277511965483427048e-03
-1.530424952507019043e-01
-2.636471763253211975e-02
-7.454080879688262939e-02
-1.102989315986633301e-01
-1.647069118916988373e-02
5.465738847851753235e-02
-1.612642705440521240e-01
2.003239542245864868e-01
2.551624923944473267e-02
4.574032872915267944e-02
-9.280297160148620605e-02
-4.202231392264366150e-02
-9.383032470941543579e-02
6.526742875576019287e-02
1.306992471218109131e-01
-2.833195328712463379e-01
1.633626371622085571e-01
1.674989461898803711e-01
9.734597057104110718e-02
1.180309951305389404e-01
6.829218566417694092e-02
3.160786628723144531e-02
-4.980343580245971680e-02
-5.036406219005584717e-02
-2.616224288940429688e-01
-1.965749077498912811e-02
-1.545476540923118591e-02
-8.308817446231842041e-02
8.028940111398696899e-02
8.998888544738292694e-03
