-1.729839891195297241e-01
1.202181428670883179e-01
-5.148244090378284454e-03
-1.226999703794717789e-02
-9.956130385398864746e-02
-2.747161127626895905e-02
-1.439679507166147232e-02
-1.773703694343566895e-01
1.329271048307418823e-01
-6.199641153216362000e-02
3.004745244979858398e-01
-6.504379212856292725e-02
-1.920072585344314575e-01
-1.067414656281471252e-01
-4.989216104149818420e-04
1.662037819623947144e-01
-1.277907043695449829e-01
-1.377454698085784912e-01
-1.444441918283700943e-02
-1.396715734153985977e-02
8.829689025878906250e-02
1.674203667789697647e-05
4.471620917320251465e-02
1.224422380328178406e-01
-1.399867236614227295e-01
-3.506959974765777588e-01
-1.331866979598999023e-01
-1.374781280755996704e-01
6.284750998020172119e-03
-7.833500951528549194e-02
2.366962283849716187e-02
6.888967007398605347e-02
-9.485323727130889893e-02
-9.281687438488006592e-03
3.311076015233993530e-02
6.684693694114685059e-02
-4.242623690515756607e-04
2.481817267835140228e-03
2.420198023319244385e-01
1.569384895265102386e-02
-2.315947711467742920e-01
-3.130877390503883362e-03
9.094940871000289917e-02
3.161057233810424805e-01
1.990561783313751221e-01
-4.893116652965545654e-03
5.100496113300323486e-02
-7.614647597074508667e-02
1.138038784265518188e-01
-1.273237019777297974e-01
7.497934997081756592e-02
9.292954206466674805e-02
1.740996688604354858e-01
2.297902852296829224e-02
1.369809545576572418e-02
-1.173314154148101807e-01
-3.229522705078125000e-02
1.404372900724411011e-01
-2.777298688888549805e-01
4.950402304530143738e-02
1.006774678826332092e-01
-7.790286839008331299e-02
-8.092233538627624512e-02
-6.653717905282974243e-02
2.200830429792404175e-01
1.654514670372009277e-01
-1.667019873857498169e-01
-1.689505726099014282e-01
1.556566655635833740e-01
-1.817137897014617920e-01
-9.165357798337936401e-02
9.528885036706924438e-02
-1.829663515090942383e-01
-1.890690922737121582e-01
-3.260630369186401367e-01
-4.825815558433532715e-04
3.929653167724609375e-01
4.790646582841873169e-02
-1.679792553186416626e-01
-9.068079292774200439e-03
-2.009784802794456482e-03
-4.234519973397254944e-02
1.015961542725563049e-02
1.286463886499404907e-01
-6.171870976686477661e-02
-2.065339311957359314e-02
-7.032729685306549072e-02
-8.165048435330390930e-03
1.782723218202590942e-01
1.254818029701709747e-02
-2.892655320465564728e-02
2.385189384222030640e-01
-9.033882059156894684e-03
2.496475726366043091e-02
3.290627524256706238e-02
9.975915402173995972e-02
-5.386260896921157837e-02
-1.950448378920555115e-02
-9.874356538057327271e-02
-1.169895846396684647e-02
-1.147318482398986816e-01
-9.278345853090286255e-02
7.984973490238189697e-03
5.353336781263351440e-02
-2.270693928003311157e-01
2.102296352386474609e-01
1.116003282368183136e-02
4.499207437038421631e-02
-7.635083794593811035e-02
-9.549548849463462830e-04
-9.698195755481719971e-02
1.635731570422649384e-02
1.636568605899810791e-01
-2.633900940418243408e-01
1.441300362348556519e-01
1.310192942619323730e-01
9.636969864368438721e-02
1.209716722369194031e-01
5.692170187830924988e-02
4.296927526593208313e-02
-2.078732475638389587e-02
-3.109240531921386719e-02
-2.082795649766921997e-01
-2.390331355854868889e-03
6.543280929327011108e-02
-1.249238401651382446e-01
8.007524162530899048e-02
4.357456788420677185e-02
