-2.001872956752777100e-01
8.242454379796981812e-02
4.814268089830875397e-03
1.387941464781761169e-02
-5.683968588709831238e-02
-4.530652239918708801e-02
-2.399596385657787323e-03
-1.374794691801071167e-01
1.102151647210121155e-01
-7.967982441186904907e-02
2.567172050476074219e-01
-8.370445668697357178e-02
-2.057792991399765015e-01
-1.566101461648941040e-01
2.926982752978801727e-02
1.396442800760269165e-01
-1.423589885234832764e-01
-1.816185116767883301e-01
-9.341157972812652588e-03
-3.212229534983634949e-02
1.060334816575050354e-01
-3.901106491684913635e-02
2.440599724650382996e-03
8.260568976402282715e-02
-1.103064566850662231e-01
-3.542706370353698730e-01
-1.115907281637191772e-01
-1.375378817319869995e-01
3.042222745716571808e-02
-1.113540902733802795e-01
1.682481542229652405e-02
2.662790194153785706e-02
-1.299068927764892578e-01
-2.018544264137744904e-02
2.035764977335929871e-03
1.095688715577125549e-01
-5.199209786951541901e-03
3.518172539770603180e-03
1.765782982110977173e-01
-2.965414524078369141e-02
-2.278776019811630249e-01
-1.356438919901847839e-02
8.012558519840240479e-02
3.124731481075286865e-01
1.933273971080780029e-01
2.930377610027790070e-02
-1.871407032012939453e-03
-7.384462654590606689e-02
8.170191943645477295e-02
-1.632322221994400024e-01
3.761455416679382324e-02
1.230521574616432190e-01
1.041370853781700134e-01
2.228938788175582886e-02
2.802564948797225952e-02
-1.470133215188980103e-01
-1.761893928050994873e-02
8.147214353084564209e-02
-2.800397574901580811e-01
3.495930507779121399e-02
8.879359066486358643e-02
-5.310145393013954163e-02
-1.230931952595710754e-01
-7.456772774457931519e-02
1.853463202714920044e-01
1.572082638740539551e-01
-1.631355136632919312e-01
-1.979569047689437866e-01
1.469879001379013062e-01
-2.266187071800231934e-01
-6.631417572498321533e-02
1.157086119055747986e-01
-1.495173275470733643e-01
-1.914159208536148071e-01
-3.207613825798034668e-01
-1.858432590961456299e-02
3.897432386875152588e-01
3.562796115875244141e-02
-1.401014328002929688e-01
1.062934566289186478e-02
2.247432712465524673e-03
-1.955218240618705750e-02
6.550816446542739868e-02
1.147944629192352295e-01
-4.925802350044250488e-02
1.800157129764556885e-02
-1.020265296101570129e-01
8.491294458508491516e-03
1.191992461681365967e-01
3.232982009649276733e-02
-3.265827149152755737e-02
1.480809301137924194e-01
-1.843429729342460632e-02
1.507375482469797134e-02
4.799458384513854980e-02
1.154309585690498352e-01
-4.157016798853874207e-02
-1.261689979583024979e-02
-1.533382534980773926e-01
-3.340884298086166382e-02
-6.933892518281936646e-02
-1.000830978155136108e-01
-2.338898554444313049e-02
4.854868724942207336e-02
-1.663618683815002441e-01
1.940511316061019897e-01
4.549798741936683655e-02
3.727069869637489319e-02
-8.556617796421051025e-02
-2.485540509223937988e-02
-1.005619913339614868e-01
5.417297407984733582e-02
1.345477998256683350e-01
-2.874850034713745117e-01
1.600046902894973755e-01
1.832524240016937256e-01
8.599346876144409180e-02
1.111893653869628906e-01
5.939123034477233887e-02
2.913535758852958679e-02
-4.510825872421264648e-02
-4.245797544717788696e-02
-2.511698305606842041e-01
-1.258000545203685760e-02
-1.017683278769254684e-02
-8.816710859537124634e-02
5.033652484416961670e-02
1.370582543313503265e-02
