-2.007535547018051147e-01
9.257340431213378906e-02
1.871528103947639465e-02
4.520898684859275818e-03
-8.810227364301681519e-02
-3.096306696534156799e-02
-2.154654823243618011e-02
-1.584452986717224121e-01
1.267618536949157715e-01
-9.051960706710815430e-02
2.762076854705810547e-01
-6.599195301532745361e-02
-1.955058425664901733e-01
-1.477026045322418213e-01
3.714694082736968994e-02
1.491843760013580322e-01
-1.566079705953598022e-01
-1.809020340442657471e-01
2.653030678629875183e-04
-3.366487473249435425e-02
9.511428326368331909e-02
-4.645905643701553345e-02
1.291566435247659683e-02
7.644726336002349854e-02
-1.115367114543914795e-01
-3.699361979961395264e-01
-1.243698447942733765e-01
-1.415962129831314087e-01
3.483284264802932739e-02
-1.134152933955192566e-01
2.863042429089546204e-02
1.658775471150875092e-02
-1.364739239215850830e-01
1.004893891513347626e-02
-1.540205534547567368e-02
1.025603711605072021e-01
-2.287607453763484955e-02
7.375004701316356659e-03
1.755469441413879395e-01
-4.263661056756973267e-02
-2.341800481081008911e-01
-1.621666178107261658e-02
6.414870172739028931e-02
2.800492644309997559e-01
1.912718713283538818e-01
3.402721881866455078e-02
8.895026519894599915e-03
-6.637151539325714111e-02
7.776189595460891724e-02
-1.402792036533355713e-01
4.760350659489631653e-02
1.304717957973480225e-01
1.209033653140068054e-01
5.869621876627206802e-03
1.479849405586719513e-02
-1.482157558202743530e-01
-4.135580360889434814e-02
8.094292134046554565e-02
-2.739904522895812988e-01
3.584041446447372437e-02
1.066064611077308655e-01
-6.024741381406784058e-02
-1.372532546520233154e-01
-8.594861626625061035e-02
1.941773742437362671e-01
1.667666286230087280e-01
-1.720646023750305176e-01
-1.882333308458328247e-01
1.456952691078186035e-01
-2.211010307073593140e-01
-5.952990427613258362e-02
9.560988843441009521e-02
-1.604881733655929565e-01
-2.102359682321548462e-01
-3.098830580711364746e-01
-2.232395857572555542e-02
3.643919229507446289e-01
2.270093932747840881e-02
-1.372420489788055420e-01
3.130580298602581024e-04
5.460542626678943634e-03
-1.416780054569244385e-02
2.137886174023151398e-02
1.097417473793029785e-01
-6.478970497846603394e-02
2.926024422049522400e-02
-9.953548014163970947e-02
1.330792997032403946e-02
1.179466024041175842e-01
1.117682550102472305e-02
6.451144581660628319e-04
1.834710836410522461e-01
-3.393396735191345215e-02
1.989608630537986755e-02
2.374226227402687073e-02
1.027186885476112366e-01
-2.866683155298233032e-02
-1.587474346160888672e-02
-1.317017823457717896e-01
-2.269449830055236816e-02
-7.947744429111480713e-02
-1.094378232955932617e-01
-2.523379959166049957e-02
2.116442844271659851e-02
-1.791840791702270508e-01
2.023502290248870850e-01
3.949176892638206482e-02
5.310945212841033936e-02
-9.199437499046325684e-02
-3.116480074822902679e-02
-1.202423796057701111e-01
3.648358210921287537e-02
1.671358197927474976e-01
-2.769414782524108887e-01
1.678054779767990112e-01
1.893047094345092773e-01
8.933153748512268066e-02
1.260074079036712646e-01
7.358498126268386841e-02
4.271606728434562683e-02
-5.210858955979347229e-02
-5.449138209223747253e-02
-2.539713978767395020e-01
2.323824446648359299e-03
-2.728149760514497757e-03
-1.152309253811836243e-01
4.335618764162063599e-02
3.163297101855278015e-02
