-2.059775590896606445e-01
7.194627076387405396e-02
-5.493142176419496536e-03
-3.191480878740549088e-03
-6.476934999227523804e-02
-4.458621516823768616e-02
7.458020467311143875e-03
-1.460221111774444580e-01
1.287447214126586914e-01
-8.605999499559402466e-02
2.444063127040863037e-01
-7.063199579715728760e-02
-2.227840870618820190e-01
-1.427966952323913574e-01
1.098838448524475098e-02
1.268059462308883667e-01
-1.022191643714904785e-01
-1.914055347442626953e-01
-1.616650074720382690e-02
-2.029084041714668274e-02
1.292621791362762451e-01
-1.911361329257488251e-02
2.507308498024940491e-03
7.661321014165878296e-02
-1.023246571421623230e-01
-3.507508635520935059e-01
-1.203061640262603760e-01
-8.655302226543426514e-02
-1.771430484950542450e-03
-1.187220066785812378e-01
4.736738651990890503e-02
4.371191561222076416e-02
-1.374824792146682739e-01
-2.199694886803627014e-02
4.249703139066696167e-03
1.298602521419525146e-01
-2.209761925041675568e-02
1.019901596009731293e-02
1.904111206531524658e-01
-2.357568591833114624e-03
-2.337509691715240479e-01
-1.720289327204227448e-02
7.170078903436660767e-02
3.243761062622070312e-01
1.828624010086059570e-01
4.519281908869743347e-02
-5.066271871328353882e-03
-1.022107973694801331e-01
7.743934541940689087e-02
-1.789179593324661255e-01
3.826060146093368530e-02
1.220443621277809143e-01
1.350030153989791870e-01
2.307076938450336456e-03
2.251182869076728821e-02
-1.643474549055099487e-01
7.733054459095001221e-03
8.455158770084381104e-02
-2.923843860626220703e-01
5.112931877374649048e-02
9.441779553890228271e-02
-1.012089848518371582e-01
-1.247434839606285095e-01
-6.596002727746963501e-02
1.758801043033599854e-01
1.386349499225616455e-01
-1.475014984607696533e-01
-1.924817413091659546e-01
1.606492400169372559e-01
-2.219336777925491333e-01
-5.945290252566337585e-02
1.341167986392974854e-01
-1.362292915582656860e-01
-2.304182350635528564e-01
-3.152562677860260010e-01
-5.884341895580291748e-03
3.982259929180145264e-01
4.631425812840461731e-02
-1.488696187734603882e-01
1.286144461482763290e-02
2.449858374893665314e-02
1.167902536690235138e-02
7.702384889125823975e-02
1.083939298987388611e-01
-7.579733431339263916e-02
5.682202987372875214e-03
-1.286877244710922241e-01
6.335977464914321899e-03
1.322372108697891235e-01
2.671456895768642426e-02
-5.010403692722320557e-02
1.651389300823211670e-01
4.027080722153186798e-03
3.031684830784797668e-02
6.446869671344757080e-02
1.028764396905899048e-01
-2.892987802624702454e-02
1.322086434811353683e-02
-1.555304229259490967e-01
-1.959944330155849457e-02
-5.283193290233612061e-02
-1.192395910620689392e-01
-6.269900128245353699e-03
4.151994362473487854e-02
-1.607931703329086304e-01
1.971757262945175171e-01
2.787931077182292938e-02
1.918354816734790802e-02
-8.600265532732009888e-02
-4.693984240293502808e-02
-1.203412562608718872e-01
4.229680821299552917e-02
1.404292285442352295e-01
-2.976201176643371582e-01
1.520414501428604126e-01
1.899442672729492188e-01
7.993876188993453979e-02
1.404927074909210205e-01
7.865302264690399170e-02
5.777131766080856323e-02
-2.847952023148536682e-02
-3.754314035177230835e-02
-2.472212761640548706e-01
-5.812020972371101379e-04
9.201138280332088470e-03
-8.239505439996719360e-02
6.915274262428283691e-02
1.876901835203170776e-02
