-6.033021025359630585e-03
7.076349854469299316e-02
3.526304289698600769e-02
-6.614565849304199219e-02
-1.115319132804870605e-01
-3.922692686319351196e-02
3.248989209532737732e-02
-3.752318024635314941e-02
1.848485618829727173e-01
-6.519793719053268433e-02
1.917431652545928955e-01
-4.385752603411674500e-02
-2.261743396520614624e-01
-4.627212882041931152e-03
-3.842698037624359131e-02
8.800543844699859619e-02
-2.278451621532440186e-01
-1.596749126911163330e-01
-5.929344147443771362e-02
-4.438597708940505981e-02
1.123521700501441956e-01
8.019306510686874390e-02
-3.634435310959815979e-02
8.080679178237915039e-02
-1.612357646226882935e-01
-2.784231305122375488e-01
-6.497011333703994751e-02
-4.469012469053268433e-02
8.749556541442871094e-02
-2.097480297088623047e-01
5.819032341241836548e-02
8.603351563215255737e-02
-1.576267182826995850e-01
-1.837132498621940613e-03
2.233543619513511658e-02
3.393013030290603638e-02
-8.582502603530883789e-03
-1.354588121175765991e-01
2.021932750940322876e-01
7.185318320989608765e-02
-2.077395468950271606e-01
5.921588465571403503e-02
-4.549437016248703003e-02
3.782388567924499512e-01
2.123736292123794556e-01
2.926862239837646484e-02
-1.518984138965606689e-02
-8.414261788129806519e-02
1.418299078941345215e-01
-2.241654247045516968e-01
7.116162031888961792e-02
1.688897609710693359e-01
1.068034395575523376e-01
-2.726559340953826904e-02
4.725545272231101990e-02
-1.279222220182418823e-01
-1.361509785056114197e-02
1.651451587677001953e-01
-2.377524524927139282e-01
4.553534463047981262e-02
9.095308184623718262e-02
-9.496559202671051025e-02
8.556827902793884277e-02
-1.064371019601821899e-01
1.113517656922340393e-01
-3.126695379614830017e-02
-1.062825247645378113e-01
-7.647167146205902100e-02
1.212199851870536804e-01
-1.842007339000701904e-01
-1.077861338853836060e-01
2.829034253954887390e-02
-1.072868257761001587e-01
-1.561437547206878662e-01
-3.051199018955230713e-01
8.839650079607963562e-03
4.633814096450805664e-01
1.170619130134582520e-01
-1.563120633363723755e-01
5.257733911275863647e-02
-1.670908555388450623e-02
-1.232024561613798141e-02
9.372811764478683472e-02
9.422237426042556763e-02
-1.290071606636047363e-01
-4.845646768808364868e-02
-1.248562633991241455e-01
7.565896213054656982e-02
2.300094813108444214e-01
2.410212159156799316e-02
-8.393729478120803833e-02
1.683103442192077637e-01
-1.146796904504299164e-02
-7.060209661722183228e-02
3.537002205848693848e-02
-4.766320064663887024e-02
-7.347085326910018921e-02
4.149552434682846069e-02
-7.250364124774932861e-02
1.812976971268653870e-02
-5.031802132725715637e-02
-1.103506162762641907e-01
-4.136307910084724426e-02
1.654912829399108887e-01
-2.130755633115768433e-01
1.624214798212051392e-01
3.613850474357604980e-02
-7.555871456861495972e-02
-3.554212301969528198e-02
2.424546983093023300e-03
-1.620644927024841309e-01
-8.470335043966770172e-03
1.524499803781509399e-01
-3.206349015235900879e-01
1.302940249443054199e-01
1.899212747812271118e-01
1.146252155303955078e-01
1.471124589443206787e-01
4.594595637172460556e-03
3.934668749570846558e-02
-9.196207858622074127e-03
-1.250446867197751999e-02
-1.697213351726531982e-01
-6.779959052801132202e-02
8.695372194051742554e-02
6.167811341583728790e-03
1.450122743844985962e-01
1.333951950073242188e-02
