-4.775096476078033447e-02
4.532092809677124023e-02
5.646150559186935425e-02
-7.774367183446884155e-02
-1.002734526991844177e-01
-7.875095307826995850e-02
3.661946207284927368e-02
-8.392326533794403076e-02
1.437863409519195557e-01
-8.302287757396697998e-02
1.551777869462966919e-01
-3.494561463594436646e-02
-2.420761734247207642e-01
-7.849779911339282990e-03
-3.834361210465431213e-02
4.155951738357543945e-02
-1.933838725090026855e-01
-1.746966838836669922e-01
-9.927672147750854492e-02
-9.709814190864562988e-02
1.091871783137321472e-01
6.857141107320785522e-02
-5.279853567481040955e-02
9.360569715499877930e-02
-1.595718562602996826e-01
-2.897090613842010498e-01
-8.167847245931625366e-02
-3.979489207267761230e-02
2.685215137898921967e-02
-1.910204440355300903e-01
1.162107661366462708e-01
1.025371477007865906e-01
-1.814567893743515015e-01
-4.016277939081192017e-02
-1.017047092318534851e-03
6.166819483041763306e-03
-2.434879168868064880e-02
-5.503463372588157654e-02
1.931179463863372803e-01
4.663257300853729248e-02
-1.983155459165573120e-01
7.300918549299240112e-02
2.174319513142108917e-02
3.928326964378356934e-01
1.952145397663116455e-01
6.702452898025512695e-02
-3.880874812602996826e-02
-7.732623815536499023e-02
1.347880512475967407e-01
-2.446365356445312500e-01
4.725554212927818298e-02
1.943989396095275879e-01
6.218740716576576233e-02
6.400784011930227280e-03
5.252467840909957886e-02
-1.536290198564529419e-01
-3.900799155235290527e-02
1.558808386325836182e-01
-2.084272205829620361e-01
1.356062293052673340e-01
6.887351721525192261e-02
-1.411576271057128906e-01
4.529130458831787109e-02
-1.217368021607398987e-01
1.109592765569686890e-01
-2.796901576220989227e-02
-1.418232023715972900e-01
-3.225620836019515991e-02
1.295679807662963867e-01
-1.913708746433258057e-01
-8.652618527412414551e-02
2.429273352026939392e-02
-1.146641001105308533e-01
-1.726575940847396851e-01
-2.877319455146789551e-01
2.713871747255325317e-02
4.318190813064575195e-01
9.043858200311660767e-02
-1.696618795394897461e-01
-1.454438082873821259e-03
-3.249613940715789795e-02
5.968060344457626343e-03
9.265331178903579712e-02
8.475533872842788696e-02
-1.160017251968383789e-01
-5.764010548591613770e-02
-7.697931677103042603e-02
9.540688991546630859e-02
2.226982414722442627e-01
5.919723212718963623e-02
-6.945569068193435669e-02
2.158913165330886841e-01
2.376884222030639648e-04
-4.406209290027618408e-02
4.671496897935867310e-02
1.166034722700715065e-03
-1.171695590019226074e-01
-2.971210982650518417e-03
-1.686376631259918213e-01
4.553379118442535400e-02
-6.032193452119827271e-02
-1.170387268066406250e-01
-3.682900220155715942e-02
1.326435953378677368e-01
-1.516907364130020142e-01
1.864322870969772339e-01
6.583716720342636108e-02
-6.402197480201721191e-02
-7.807976007461547852e-02
1.698995381593704224e-02
-1.821156442165374756e-01
-2.618019841611385345e-02
1.641046553850173950e-01
-2.542976438999176025e-01
1.858811229467391968e-01
2.217574119567871094e-01
1.265042424201965332e-01
1.463067829608917236e-01
3.030181676149368286e-02
6.947241723537445068e-03
-1.725039817392826080e-02
-1.629271171987056732e-02
-1.487251520156860352e-01
-5.672146379947662354e-02
1.066383570432662964e-01
-1.690849475562572479e-02
1.167780831456184387e-01
-1.048010401427745819e-02
