-3.959088027477264404e-02
3.646606579422950745e-02
8.116621524095535278e-02
-8.608878403902053833e-02
-1.174262166023254395e-01
-7.999057322740554810e-02
3.976771980524063110e-02
-8.816406130790710449e-02
1.408131569623947144e-01
-8.919958770275115967e-02
1.634069234132766724e-01
-2.783184871077537537e-02
-2.339383512735366821e-01
-9.887428022921085358e-04
-1.475790981203317642e-02
4.759498685598373413e-02
-1.814619004726409912e-01
-1.664210408926010132e-01
-1.050504371523857117e-01
-1.103826463222503662e-01
8.738763630390167236e-02
8.205027133226394653e-02
-4.344793781638145447e-02
8.308217674493789673e-02
-1.548738926649093628e-01
-2.911816537380218506e-01
-9.425233304500579834e-02
-3.494861721992492676e-02
3.117347694933414459e-02
-1.911400258541107178e-01
1.215911358594894409e-01
9.585605561733245850e-02
-1.763206422328948975e-01
-3.088025003671646118e-02
8.397744037210941315e-03
6.978847086429595947e-04
-2.024025470018386841e-02
-7.251438498497009277e-02
2.079868912696838379e-01
2.992239594459533691e-02
-2.060251235961914062e-01
5.347203835844993591e-02
8.158046752214431763e-03
3.671405017375946045e-01
1.764393597841262817e-01
4.481574147939682007e-02
-3.254834935069084167e-02
-7.096745073795318604e-02
1.448826044797897339e-01
-2.198853790760040283e-01
7.609881460666656494e-02
1.847839951515197754e-01
6.470577418804168701e-02
-9.394396096467971802e-03
5.063794553279876709e-02
-1.202477812767028809e-01
-4.387555271387100220e-02
1.767786592245101929e-01
-2.163394838571548462e-01
1.280553191900253296e-01
8.753585070371627808e-02
-1.587601751089096069e-01
3.835219517350196838e-02
-1.286967396736145020e-01
1.060931086540222168e-01
-1.609048992395401001e-02
-1.344589740037918091e-01
-5.310690775513648987e-02
1.275571882724761963e-01
-1.918152719736099243e-01
-9.210740029811859131e-02
2.084577828645706177e-02
-1.254236251115798950e-01
-1.606376469135284424e-01
-3.002147376537322998e-01
2.863121777772903442e-02
4.291057884693145752e-01
8.163379132747650146e-02
-1.837206482887268066e-01
-1.356718223541975021e-02
-2.806486934423446655e-02
6.638868711888790131e-03
1.041189357638359070e-01
9.405187517404556274e-02
-1.046024262905120850e-01
-5.261021852493286133e-02
-6.899927556514739990e-02
9.574504196643829346e-02
2.368250340223312378e-01
4.855570942163467407e-02
-8.688423782587051392e-02
2.182686030864715576e-01
-2.566253766417503357e-03
-4.104203730821609497e-02
4.560370370745658875e-02
-1.041556987911462784e-02
-9.266554564237594604e-02
-2.006555721163749695e-02
-1.507755666971206665e-01
6.098593026399612427e-02
-5.906109511852264404e-02
-1.041976511478424072e-01
-4.445218294858932495e-02
1.401999741792678833e-01
-1.482481062412261963e-01
1.897843480110168457e-01
5.906371772289276123e-02
-6.255295872688293457e-02
-7.255212217569351196e-02
1.471325848251581192e-02
-1.885857880115509033e-01
-5.623618885874748230e-02
1.736655533313751221e-01
-2.468604892492294312e-01
1.755847036838531494e-01
2.090631276369094849e-01
1.091280207037925720e-01
1.421717703342437744e-01
1.374386064708232880e-02
2.168153785169124603e-02
-1.524750143289566040e-02
-2.002016827464103699e-02
-1.454466879367828369e-01
-5.327126383781433105e-02
1.237878128886222839e-01
-1.457486022263765335e-02
1.272082030773162842e-01
-5.742428358644247055e-03
