-4.515891149640083313e-02
3.034341335296630859e-02
6.528897583484649658e-02
-7.287645339965820312e-02
-1.093617677688598633e-01
-1.013911515474319458e-01
4.090846702456474304e-02
-7.438778877258300781e-02
1.364489346742630005e-01
-8.174897730350494385e-02
1.578060984611511230e-01
-3.934837132692337036e-02
-2.315884679555892944e-01
-1.464783865958452225e-02
-2.458002232015132904e-02
4.876738041639328003e-02
-1.798942089080810547e-01
-1.751109510660171509e-01
-1.075138002634048462e-01
-9.347847104072570801e-02
9.373141825199127197e-02
6.710200011730194092e-02
-5.053244531154632568e-02
1.068121790885925293e-01
-1.467523872852325439e-01
-3.037793040275573730e-01
-8.762094378471374512e-02
-3.992636874318122864e-02
3.808900713920593262e-02
-1.968614459037780762e-01
1.147462204098701477e-01
1.060789451003074646e-01
-1.825013309717178345e-01
-5.129991099238395691e-02
-1.778844743967056274e-03
8.767725899815559387e-03
-3.419612720608711243e-02
-6.878372281789779663e-02
2.068258523941040039e-01
5.128671228885650635e-02
-2.133291065692901611e-01
6.760077923536300659e-02
1.087857782840728760e-02
3.948839306831359863e-01
1.905794441699981689e-01
5.977530777454376221e-02
-3.285355865955352783e-02
-7.225546240806579590e-02
1.280782967805862427e-01
-2.421561479568481445e-01
6.610058248043060303e-02
1.892805546522140503e-01
6.885263323783874512e-02
3.265455365180969238e-03
5.885899439454078674e-02
-1.395842730998992920e-01
-2.815554291009902954e-02
1.462602168321609497e-01
-2.306635975837707520e-01
1.207853853702545166e-01
7.154081761837005615e-02
-1.349443197250366211e-01
3.912004828453063965e-02
-1.199925243854522705e-01
1.111188605427742004e-01
-1.432746928185224533e-02
-1.285217255353927612e-01
-3.889588266611099243e-02
1.381922960281372070e-01
-2.030720412731170654e-01
-8.986499905586242676e-02
2.986601926386356354e-02
-1.083995252847671509e-01
-1.647331118583679199e-01
-3.045532703399658203e-01
2.609426155686378479e-02
4.154862761497497559e-01
8.695702254772186279e-02
-1.777048856019973755e-01
-3.760920837521553040e-03
-2.804599329829216003e-02
2.271000295877456665e-03
1.018058359622955322e-01
7.733210176229476929e-02
-1.150728762149810791e-01
-5.440032482147216797e-02
-7.424452155828475952e-02
9.740428626537322998e-02
2.155926227569580078e-01
6.035322695970535278e-02
-8.135444670915603638e-02
2.046388536691665649e-01
1.072110701352357864e-02
-5.575276538729667664e-02
6.240036338567733765e-02
3.612588159739971161e-03
-9.865766763687133789e-02
-6.213596556335687637e-03
-1.729446947574615479e-01
5.635463446378707886e-02
-3.685475513339042664e-02
-1.068129017949104309e-01
-4.426266998052597046e-02
1.250678002834320068e-01
-1.573202908039093018e-01
1.900841146707534790e-01
7.211986929178237915e-02
-7.768134772777557373e-02
-7.612320035696029663e-02
1.110601890832185745e-02
-2.063580900430679321e-01
-2.872154861688613892e-02
1.677730381488800049e-01
-2.569243311882019043e-01
1.972436904907226562e-01
2.162319719791412354e-01
1.188631728291511536e-01
1.380523741245269775e-01
2.786995656788349152e-02
-2.868894487619400024e-03
-2.365807443857192993e-02
-3.765561431646347046e-02
-1.461727172136306763e-01
-5.927428603172302246e-02
1.200878620147705078e-01
-1.376425661146640778e-02
1.218871399760246277e-01
-4.296154249459505081e-03
