-1.737296395003795624e-02
4.584700241684913635e-02
6.075577437877655029e-02
-9.661287069320678711e-02
-1.026476919651031494e-01
-6.919903308153152466e-02
3.832738101482391357e-02
-9.538776427507400513e-02
1.417034268379211426e-01
-7.720838487148284912e-02
1.375442147254943848e-01
-1.957259699702262878e-02
-2.374382466077804565e-01
6.988881155848503113e-03
-3.362336009740829468e-02
3.726412355899810791e-02
-1.870060712099075317e-01
-1.788722723722457886e-01
-9.317982196807861328e-02
-1.146142929792404175e-01
8.131628483533859253e-02
7.099956274032592773e-02
-4.978757724165916443e-02
7.562080025672912598e-02
-1.523220241069793701e-01
-2.750409543514251709e-01
-9.050438553094863892e-02
-3.842156380414962769e-02
3.581110015511512756e-02
-1.644514501094818115e-01
1.236326918005943298e-01
9.529865533113479614e-02
-1.719620227813720703e-01
-2.400916069746017456e-02
6.885080598294734955e-03
-2.706087939441204071e-02
-2.482986636459827423e-02
-5.610437691211700439e-02
2.107779979705810547e-01
4.709655791521072388e-02
-1.993518620729446411e-01
5.516708269715309143e-02
1.810809969902038574e-02
3.831171393394470215e-01
1.989829391241073608e-01
7.158733904361724854e-02
-3.667269647121429443e-02
-5.163446813821792603e-02
1.319775283336639404e-01
-2.499881833791732788e-01
5.410628765821456909e-02
1.880060881376266479e-01
5.138798058032989502e-02
-1.374004688113927841e-02
4.524359852075576782e-02
-1.513769328594207764e-01
-3.590683639049530029e-02
1.541460901498794556e-01
-2.203847318887710571e-01
1.351983100175857544e-01
7.273738831281661987e-02
-1.629692614078521729e-01
4.164637625217437744e-02
-1.122536733746528625e-01
1.139016672968864441e-01
-2.800435759127140045e-02
-1.366287320852279663e-01
-3.408258408308029175e-02
1.300958991050720215e-01
-2.043199986219406128e-01
-7.984838634729385376e-02
7.663707248866558075e-03
-1.104826480150222778e-01
-1.666465252637863159e-01
-2.916587293148040771e-01
1.755027472972869873e-02
4.315432608127593994e-01
1.048773527145385742e-01
-1.584284156560897827e-01
6.281127221882343292e-03
-2.397587895393371582e-02
1.439614687114953995e-02
1.150363981723785400e-01
7.080439478158950806e-02
-1.224120408296585083e-01
-5.867434293031692505e-02
-7.665488123893737793e-02
7.710278779268264771e-02
2.334688454866409302e-01
4.654315859079360962e-02
-8.340971171855926514e-02
2.166261076927185059e-01
-1.555059105157852173e-02
-3.557467460632324219e-02
3.526379168033599854e-02
1.548916567116975784e-03
-1.000599488615989685e-01
-3.869066014885902405e-03
-1.595805734395980835e-01
6.550306081771850586e-02
-6.275473535060882568e-02
-1.087825372815132141e-01
-2.611089684069156647e-02
1.427884399890899658e-01
-1.645526736974716187e-01
1.868254840373992920e-01
5.708670243620872498e-02
-6.539747118949890137e-02
-9.062303602695465088e-02
9.115869179368019104e-03
-1.817990839481353760e-01
-3.346154466271400452e-02
1.781767606735229492e-01
-2.497569620609283447e-01
1.724064350128173828e-01
2.326231300830841064e-01
1.106806471943855286e-01
1.465566754341125488e-01
3.035633638501167297e-02
-1.283356547355651855e-02
-1.121951639652252197e-02
-2.548089995980262756e-02
-1.564063131809234619e-01
-6.528449803590774536e-02
1.039256304502487183e-01
-2.997612766921520233e-02
1.268255114555358887e-01
6.027458235621452332e-03
