6.297862855717539787e-04
6.099291890859603882e-02
5.121082812547683716e-02
-6.901036947965621948e-02
-1.111614257097244263e-01
-7.100868970155715942e-02
4.831427335739135742e-02
-4.375360161066055298e-02
1.957357674837112427e-01
-6.832208484411239624e-02
1.856358647346496582e-01
-5.860795825719833374e-02
-2.201415002346038818e-01
-5.272363312542438507e-03
-1.638647541403770447e-02
8.149517327547073364e-02
-2.147523611783981323e-01
-1.179734393954277039e-01
-6.283309310674667358e-02
-3.610919043421745300e-02
1.129151135683059692e-01
5.806025117635726929e-02
-3.107469901442527771e-02
9.810314327478408813e-02
-1.225048005580902100e-01
-2.849024534225463867e-01
-9.427309036254882812e-02
-4.641260206699371338e-02
8.848674595355987549e-02
-1.908464878797531128e-01
4.310508072376251221e-02
7.779292762279510498e-02
-1.355265080928802490e-01
-4.904669523239135742e-02
3.174492716789245605e-02
3.238170593976974487e-02
2.219755435362458229e-03
-1.170915886759757996e-01
1.907233446836471558e-01
5.369102582335472107e-02
-1.986045986413955688e-01
5.480949580669403076e-02
-3.423206508159637451e-02
3.663998246192932129e-01
1.875901818275451660e-01
7.323353737592697144e-02
-1.408595778048038483e-02
-7.207328081130981445e-02
1.561881750822067261e-01
-2.032817602157592773e-01
6.503295898437500000e-02
1.378967463970184326e-01
1.069745644927024841e-01
-3.537386655807495117e-02
6.335809826850891113e-02
-1.418342143297195435e-01
-3.746757283806800842e-03
1.414829343557357788e-01
-2.585388123989105225e-01
6.420094519853591919e-02
9.682293236255645752e-02
-1.086524277925491333e-01
7.265940308570861816e-02
-9.496523439884185791e-02
1.224989593029022217e-01
-3.296405449509620667e-02
-1.186684966087341309e-01
-7.346519082784652710e-02
1.098339334130287170e-01
-1.994437277317047119e-01
-8.122671395540237427e-02
2.740695700049400330e-02
-1.108924224972724915e-01
-1.429042369127273560e-01
-3.114689290523529053e-01
3.276227042078971863e-03
4.811384677886962891e-01
1.119120344519615173e-01
-1.669893562793731689e-01
1.759238354861736298e-02
-2.634941786527633667e-02
-1.825635880231857300e-02
9.702752530574798584e-02
1.021006852388381958e-01
-1.159714683890342712e-01
-2.514789626002311707e-02
-1.289032548666000366e-01
5.379296094179153442e-02
2.050177007913589478e-01
1.383013091981410980e-02
-7.688464224338531494e-02
1.814819723367691040e-01
-5.617434158921241760e-03
-4.690692201256752014e-02
1.948845200240612030e-02
-4.623148590326309204e-02
-9.267191588878631592e-02
2.272295206785202026e-02
-8.971148729324340820e-02
1.673684082925319672e-02
-3.502135723829269409e-02
-1.159278303384780884e-01
-4.222869873046875000e-02
1.448444724082946777e-01
-2.291969656944274902e-01
1.606832444667816162e-01
3.507325798273086548e-02
-8.156424760818481445e-02
-5.647929757833480835e-02
8.966134861111640930e-03
-1.895857304334640503e-01
-1.337080448865890503e-02
1.659693121910095215e-01
-3.153606951236724854e-01
1.158747002482414246e-01
2.087044715881347656e-01
1.165526062250137329e-01
1.389307677745819092e-01
-1.035406440496444702e-02
2.837030775845050812e-02
-1.194074749946594238e-03
-1.449672505259513855e-02
-1.419653296470642090e-01
-7.756546139717102051e-02
8.017491549253463745e-02
-5.570186302065849304e-03
1.507465988397598267e-01
2.481607254594564438e-03
