-4.544423148036003113e-02
5.663780868053436279e-02
6.196946650743484497e-02
-8.739949017763137817e-02
-1.212308034300804138e-01
-6.705748289823532104e-02
5.071751028299331665e-02
-7.491818815469741821e-02
1.472428441047668457e-01
-7.985672354698181152e-02
1.556567996740341187e-01
-4.048062488436698914e-02
-2.415918856859207153e-01
-2.352056559175252914e-03
-3.669423982501029968e-02
5.052119866013526917e-02
-2.035720199346542358e-01
-1.668558865785598755e-01
-1.172006875276565552e-01
-9.050517529249191284e-02
1.097965538501739502e-01
8.440963178873062134e-02
-4.793207719922065735e-02
9.354604780673980713e-02
-1.596698611974716187e-01
-3.092092275619506836e-01
-6.171787157654762268e-02
-4.687381163239479065e-02
2.923637814819812775e-02
-1.952039301395416260e-01
1.099189296364784241e-01
1.177105754613876343e-01
-1.852644979953765869e-01
-3.300825133919715881e-02
-1.597636565566062927e-02
7.041461765766143799e-03
-1.638004928827285767e-02
-8.437896519899368286e-02
1.709624230861663818e-01
4.328872263431549072e-02
-2.105719149112701416e-01
5.951705574989318848e-02
1.629015803337097168e-02
3.783567249774932861e-01
2.081892788410186768e-01
5.478396266698837280e-02
-3.026002272963523865e-02
-7.023730874061584473e-02
1.301586031913757324e-01
-2.381172329187393188e-01
4.285937547683715820e-02
1.740129590034484863e-01
5.302276834845542908e-02
-1.310460269451141357e-03
5.600115284323692322e-02
-1.489650756120681763e-01
-3.435911238193511963e-02
1.465625315904617310e-01
-2.141250073909759521e-01
1.060213968157768250e-01
7.162062078714370728e-02
-1.388315856456756592e-01
5.936666205525398254e-02
-1.216003671288490295e-01
1.136924251914024353e-01
-3.551677241921424866e-02
-1.272474378347396851e-01
-1.771343126893043518e-02
1.378905028104782104e-01
-1.895117312669754028e-01
-9.537240117788314819e-02
-4.512729123234748840e-03
-1.176521927118301392e-01
-1.709162741899490356e-01
-2.996353507041931152e-01
4.197818040847778320e-02
4.327982664108276367e-01
1.098846122622489929e-01
-1.656692773103713989e-01
4.446581006050109863e-03
-2.710966020822525024e-02
1.014271192252635956e-02
9.791121631860733032e-02
9.012631326913833618e-02
-1.231680661439895630e-01
-5.634343624114990234e-02
-8.511518687009811401e-02
1.069897562265396118e-01
2.267260849475860596e-01
5.299974232912063599e-02
-7.321660220623016357e-02
2.232198864221572876e-01
-1.711614429950714111e-03
-7.338461279869079590e-02
4.804868251085281372e-02
-1.125989481806755066e-02
-1.125350072979927063e-01
1.916900649666786194e-02
-1.646743863821029663e-01
6.052760034799575806e-02
-4.293413460254669189e-02
-1.205047518014907837e-01
-4.243560507893562317e-02
1.439543068408966064e-01
-1.548070162534713745e-01
1.622883081436157227e-01
5.919618159532546997e-02
-7.552180439233779907e-02
-7.058407366275787354e-02
2.917255973443388939e-03
-1.928981989622116089e-01
-3.739571943879127502e-02
1.604141741991043091e-01
-2.406682223081588745e-01
1.739658266305923462e-01
2.222978621721267700e-01
1.332575231790542603e-01
1.625286489725112915e-01
3.750439733266830444e-02
1.397691201418638229e-02
-4.076296463608741760e-04
-1.759785227477550507e-02
-1.482933610677719116e-01
-5.982251465320587158e-02
1.398857831954956055e-01
-4.280541092157363892e-03
1.171842962503433228e-01
4.564771894365549088e-03
