-6.206845492124557495e-02
1.143743246793746948e-01
4.490411281585693359e-02
-6.201426498591899872e-03
-1.191119626164436340e-01
-6.188146397471427917e-02
-2.282800525426864624e-02
-7.115610688924789429e-02
1.730720400810241699e-01
-9.095840156078338623e-03
2.070960104465484619e-01
-2.333586290478706360e-02
-2.023474723100662231e-01
1.689207926392555237e-02
-8.527832478284835815e-02
1.006249412894248962e-01
-2.092057019472122192e-01
-1.465239673852920532e-01
-5.023241415619850159e-02
-2.288120612502098083e-02
1.075893267989158630e-01
1.076507717370986938e-01
1.421257667243480682e-02
1.224907264113426208e-01
-1.243914514780044556e-01
-3.232638835906982422e-01
-1.247354224324226379e-01
-6.392014771699905396e-02
1.145854145288467407e-01
-1.599121540784835815e-01
7.483112812042236328e-02
8.964416384696960449e-02
-1.572421491146087646e-01
-7.577637583017349243e-02
4.392066597938537598e-02
2.083870954811573029e-02
-1.156301610171794891e-02
-8.375837653875350952e-02
2.395966053009033203e-01
8.997835218906402588e-02
-2.158211767673492432e-01
5.409629270434379578e-02
3.339768201112747192e-02
4.136917293071746826e-01
1.868436932563781738e-01
9.316323697566986084e-02
3.342473506927490234e-02
-6.249421834945678711e-02
5.457157641649246216e-02
-2.047013044357299805e-01
9.855971485376358032e-02
2.264535129070281982e-01
8.538878709077835083e-02
-6.126131862401962280e-03
3.819378837943077087e-02
-1.238353997468948364e-01
-1.975012570619583130e-02
1.567854881286621094e-01
-2.273834049701690674e-01
1.063635274767875671e-01
1.428532898426055908e-01
-1.265746727585792542e-02
8.603857457637786865e-02
-3.012441098690032959e-02
1.374191343784332275e-01
1.752012409269809723e-02
-8.271718025207519531e-02
-1.259124130010604858e-01
1.225818097591400146e-01
-2.106656879186630249e-01
-1.106097176671028137e-01
8.991210907697677612e-02
-1.462140530347824097e-01
-1.639326363801956177e-01
-2.908430993556976318e-01
7.018072530627250671e-03
5.217797756195068359e-01
9.682174026966094971e-02
-9.221046417951583862e-02
4.999301582574844360e-02
-4.295690730214118958e-02
-5.038457736372947693e-02
7.484611123800277710e-02
6.195389851927757263e-02
-1.257001161575317383e-01
-5.273178592324256897e-02
-1.275571584701538086e-01
6.826291978359222412e-02
2.321500778198242188e-01
7.962150126695632935e-02
-8.246453851461410522e-02
2.047732323408126831e-01
2.451156079769134521e-02
-8.804333209991455078e-02
6.025482714176177979e-02
3.129747509956359863e-02
-7.301394641399383545e-02
1.092602871358394623e-02
-1.172151044011116028e-01
-3.364023566246032715e-02
-4.439417272806167603e-02
-3.726306930184364319e-02
-1.457117497920989990e-02
1.515882760286331177e-01
-1.812637895345687866e-01
1.331186145544052124e-01
2.533455938100814819e-02
-4.798533394932746887e-02
-4.073304310441017151e-02
7.096894830465316772e-02
-2.114200741052627563e-01
-5.261488258838653564e-02
1.953504830598831177e-01
-2.388917803764343262e-01
1.387822628021240234e-01
1.638895720243453979e-01
8.612631261348724365e-02
8.105060458183288574e-02
6.268145889043807983e-02
6.729609519243240356e-02
-3.136198967695236206e-03
-3.112950176000595093e-02
-1.317035108804702759e-01
-7.261972129344940186e-02
6.999678909778594971e-02
-3.344974294304847717e-02
1.432847976684570312e-01
8.545091375708580017e-03
