-4.244051873683929443e-02
3.440833091735839844e-02
7.184620946645736694e-02
-8.543346822261810303e-02
-1.101533174514770508e-01
-7.774335145950317383e-02
4.065074399113655090e-02
-7.042553275823593140e-02
1.385419219732284546e-01
-7.928207516670227051e-02
1.580051630735397339e-01
-3.156545758247375488e-02
-2.284916788339614868e-01
-9.115362539887428284e-03
-3.017804585397243500e-02
4.518964514136314392e-02
-1.830720454454421997e-01
-1.675756573677062988e-01
-9.887310862541198730e-02
-9.505587816238403320e-02
9.851443767547607422e-02
8.037968724966049194e-02
-5.833410471677780151e-02
8.974710851907730103e-02
-1.622794568538665771e-01
-2.934845983982086182e-01
-8.603292703628540039e-02
-4.054451733827590942e-02
3.438145667314529419e-02
-1.968862265348434448e-01
1.141039580106735229e-01
1.054392382502555847e-01
-1.778230071067810059e-01
-3.562937304377555847e-02
1.505333930253982544e-04
3.762613981962203979e-03
-2.421687915921211243e-02
-6.563349813222885132e-02
1.927082985639572144e-01
5.076427757740020752e-02
-2.041253447532653809e-01
7.755064964294433594e-02
1.584822870790958405e-02
3.891332745552062988e-01
2.012789845466613770e-01
5.854756757616996765e-02
-3.339382261037826538e-02
-7.213241606950759888e-02
1.341337412595748901e-01
-2.366232424974441528e-01
5.715469270944595337e-02
1.848007589578628540e-01
5.911173671483993530e-02
-2.609609626233577728e-03
5.802461504936218262e-02
-1.351690590381622314e-01
-4.446351528167724609e-02
1.528367400169372559e-01
-2.212291359901428223e-01
1.276049762964248657e-01
6.879191845655441284e-02
-1.364500373601913452e-01
4.359863325953483582e-02
-1.258183568716049194e-01
1.005753502249717712e-01
-3.472217172384262085e-02
-1.406407952308654785e-01
-3.699849545955657959e-02
1.320362538099288940e-01
-1.992296278476715088e-01
-8.862674236297607422e-02
1.780826970934867859e-02
-1.154002547264099121e-01
-1.691113263368606567e-01
-3.004778325557708740e-01
4.370594769716262817e-02
4.218301177024841309e-01
9.664513915777206421e-02
-1.762124598026275635e-01
6.238913163542747498e-03
-2.095136232674121857e-02
1.266486942768096924e-03
9.780593961477279663e-02
8.982910215854644775e-02
-1.068588495254516602e-01
-5.806822329759597778e-02
-6.798586249351501465e-02
9.652790427207946777e-02
2.208187133073806763e-01
5.516798794269561768e-02
-6.730840355157852173e-02
2.154074758291244507e-01
6.563216447830200195e-05
-5.260476097464561462e-02
4.428703710436820984e-02
1.238938537426292896e-03
-1.093143820762634277e-01
-2.428448759019374847e-03
-1.632284522056579590e-01
5.672622844576835632e-02
-5.325047671794891357e-02
-1.070166602730751038e-01
-3.548113629221916199e-02
1.421782076358795166e-01
-1.513230204582214355e-01
1.887960433959960938e-01
6.211306527256965637e-02
-7.599738240242004395e-02
-7.774106413125991821e-02
1.212188042700290680e-02
-1.914425045251846313e-01
-3.608773648738861084e-02
1.635578721761703491e-01
-2.527340650558471680e-01
1.768585741519927979e-01
2.181451171636581421e-01
1.206637769937515259e-01
1.414397954940795898e-01
3.483612462878227234e-02
5.151441320776939392e-03
-1.046583894640207291e-02
-1.591217331588268280e-02
-1.455881595611572266e-01
-5.645954236388206482e-02
1.153870373964309692e-01
-1.803422346711158752e-02
1.171137616038322449e-01
-6.612498778849840164e-03
