-4.734262824058532715e-02
4.184063524007797241e-02
6.227580830454826355e-02
-8.273204416036605835e-02
-1.126640811562538147e-01
-9.272776544094085693e-02
3.669450432062149048e-02
-8.718776702880859375e-02
1.509332358837127686e-01
-9.777331352233886719e-02
1.390122026205062866e-01
-3.973399475216865540e-02
-2.334605455398559570e-01
8.077977225184440613e-03
-2.460345812141895294e-02
4.108718782663345337e-02
-1.902262270450592041e-01
-1.753125190734863281e-01
-1.006498783826828003e-01
-8.553065359592437744e-02
1.010642871260643005e-01
6.564289331436157227e-02
-4.341015219688415527e-02
1.054098010063171387e-01
-1.445012390613555908e-01
-2.952647805213928223e-01
-9.417331218719482422e-02
-3.711229935288429260e-02
3.728870302438735962e-02
-1.782397925853729248e-01
1.130340993404388428e-01
1.074965223670005798e-01
-1.813305765390396118e-01
-4.719597101211547852e-02
-1.024156156927347183e-02
3.012387081980705261e-03
-2.548479288816452026e-02
-6.474195420742034912e-02
1.994052231311798096e-01
3.501113876700401306e-02
-2.144537419080734253e-01
5.462804809212684631e-02
2.103729359805583954e-02
3.838317692279815674e-01
2.013183683156967163e-01
6.650421023368835449e-02
-3.980384767055511475e-02
-6.495027244091033936e-02
1.328380107879638672e-01
-2.452129423618316650e-01
6.157073751091957092e-02
1.813992559909820557e-01
6.572301685810089111e-02
1.110368408262729645e-03
6.761224567890167236e-02
-1.464199870824813843e-01
-2.665117010474205017e-02
1.511057764291763306e-01
-2.090288698673248291e-01
1.300617307424545288e-01
7.561059296131134033e-02
-1.335350573062896729e-01
5.538661032915115356e-02
-1.108802407979965210e-01
1.239698752760887146e-01
-2.244921214878559113e-02
-1.283781230449676514e-01
-2.949661947786808014e-02
1.419667452573776245e-01
-1.958112865686416626e-01
-9.446148574352264404e-02
2.242995426058769226e-02
-1.188160702586174011e-01
-1.663674414157867432e-01
-3.014923930168151855e-01
2.206019312143325806e-02
4.316579103469848633e-01
9.912724792957305908e-02
-1.660997867584228516e-01
4.051080904901027679e-03
-2.344669029116630554e-02
6.126773543655872345e-03
1.048284396529197693e-01
8.127809315919876099e-02
-1.223432347178459167e-01
-6.020884588360786438e-02
-8.069201558828353882e-02
9.492301940917968750e-02
2.282849401235580444e-01
5.900680646300315857e-02
-8.655638992786407471e-02
2.118911743164062500e-01
6.894689053297042847e-03
-5.216448009014129639e-02
5.282500758767127991e-02
2.353849122300744057e-04
-9.861661493778228760e-02
-7.884865626692771912e-03
-1.903358697891235352e-01
5.192434787750244141e-02
-3.727085143327713013e-02
-1.014368087053298950e-01
-5.025641247630119324e-02
1.452491730451583862e-01
-1.549832373857498169e-01
1.762781441211700439e-01
6.846323609352111816e-02
-7.203245162963867188e-02
-8.101811259984970093e-02
2.399574592709541321e-02
-2.107605040073394775e-01
-3.116432018578052521e-02
1.646925061941146851e-01
-2.431244403123855591e-01
1.817549318075180054e-01
2.130072563886642456e-01
1.190704777836799622e-01
1.383463740348815918e-01
3.022887930274009705e-02
1.492261886596679688e-03
-6.162766367197036743e-03
-2.450301870703697205e-02
-1.445384621620178223e-01
-6.531968712806701660e-02
1.320453584194183350e-01
-8.759994059801101685e-03
1.256850212812423706e-01
6.410131230950355530e-03
