-1.169335842132568359e-01
1.003856509923934937e-01
-5.970090162009000778e-03
-6.545916944742202759e-02
-5.469479784369468689e-02
5.596159771084785461e-02
-9.228259325027465820e-02
-6.260544806718826294e-02
1.995670944452285767e-01
-1.436274405568838120e-02
2.073515057563781738e-01
2.116653695702552795e-02
-1.454661786556243896e-01
-7.060957700014114380e-02
-3.651145100593566895e-02
1.094326376914978027e-01
-1.237710863351821899e-01
-1.339987963438034058e-01
-1.465434879064559937e-01
-1.415790617465972900e-01
-4.271274432539939880e-02
3.922254778444766998e-03
3.874768316745758057e-02
1.093840748071670532e-01
-2.042389512062072754e-01
-3.108349144458770752e-01
-2.817781642079353333e-04
-1.578364074230194092e-01
-2.401693537831306458e-02
-1.254183202981948853e-01
-7.697547972202301025e-02
3.493337333202362061e-02
-2.192607820034027100e-01
-1.109501272439956665e-01
1.699996739625930786e-02
7.707192003726959229e-02
-6.465053558349609375e-02
-4.950951039791107178e-02
1.903317570686340332e-01
9.399611502885818481e-03
-1.101190522313117981e-01
1.017212644219398499e-01
9.640599787235260010e-02
3.156455159187316895e-01
2.564062178134918213e-01
4.981221631169319153e-03
-8.249431848526000977e-03
-4.906594008207321167e-02
1.830745637416839600e-01
-2.983757555484771729e-01
1.170995831489562988e-01
1.352045089006423950e-01
1.158819645643234253e-01
5.696979165077209473e-02
9.697258472442626953e-02
-9.125830233097076416e-02
-1.186929643154144287e-03
1.479316204786300659e-01
-1.635003238916397095e-01
7.750833034515380859e-02
3.518652543425559998e-02
3.145817294716835022e-02
-6.012571603059768677e-02
-7.935676723718643188e-02
2.001783102750778198e-01
2.202790379524230957e-01
-9.277176856994628906e-02
-1.335180252790451050e-01
4.691911861300468445e-02
-1.160452142357826233e-01
-4.804339259862899780e-02
4.854060709476470947e-02
-1.298992484807968140e-01
-2.187385708093643188e-01
-3.083673715591430664e-01
1.247565448284149170e-01
3.811008632183074951e-01
1.928938776254653931e-01
-1.893805861473083496e-01
1.881833374500274658e-02
-6.698625534772872925e-02
-8.566379547119140625e-03
6.810206174850463867e-02
-3.426250815391540527e-02
-1.394013017416000366e-01
-5.835169553756713867e-02
-3.962179645895957947e-02
6.241582334041595459e-02
2.401997745037078857e-01
7.126830518245697021e-02
-8.497639000415802002e-02
1.913474500179290771e-01
2.485098689794540405e-02
-1.616021990776062012e-02
3.712537512183189392e-02
5.419367924332618713e-02
-1.187113299965858459e-01
1.049393322318792343e-03
-2.281137108802795410e-01
1.738042943179607391e-02
-4.408597014844417572e-03
1.668117195367813110e-02
2.860535494983196259e-02
7.503384351730346680e-02
-1.926872134208679199e-01
9.145245701074600220e-02
1.157491747289896011e-02
-3.957545012235641479e-02
8.632941171526908875e-04
6.700789183378219604e-02
-1.716485023498535156e-01
-5.649592727422714233e-02
1.411555409431457520e-01
-2.361875176429748535e-01
1.765806227922439575e-01
1.361763626337051392e-01
1.432584673166275024e-01
1.231991201639175415e-01
1.341199874877929688e-01
-2.803971059620380402e-02
3.526468575000762939e-02
7.142434269189834595e-02
-1.051437109708786011e-01
-3.676991537213325500e-02
1.144510209560394287e-01
-5.270307883620262146e-03
7.398828119039535522e-02
5.296875536441802979e-02
