-8.763640373945236206e-02
1.102168634533882141e-01
1.735261268913745880e-02
-7.500257343053817749e-02
-3.248088061809539795e-02
2.638479694724082947e-02
-8.606431633234024048e-02
-7.150420546531677246e-02
1.698600947856903076e-01
-2.414297312498092651e-02
2.111690342426300049e-01
1.730757206678390503e-02
-1.282300353050231934e-01
-6.274636834859848022e-02
-5.838777124881744385e-02
6.414918601512908936e-02
-1.065890491008758545e-01
-1.427803188562393188e-01
-1.481576710939407349e-01
-1.085037291049957275e-01
-1.947873644530773163e-02
-5.279201082885265350e-03
3.299916908144950867e-02
1.146154552698135376e-01
-1.837534904479980469e-01
-2.618900537490844727e-01
1.783626154065132141e-03
-1.418194174766540527e-01
-6.771579384803771973e-03
-1.043009981513023376e-01
-3.722740709781646729e-02
5.129736289381980896e-02
-2.118961513042449951e-01
-1.051217392086982727e-01
1.111619826406240463e-02
1.083453297615051270e-01
-9.416333585977554321e-02
-5.226036533713340759e-02
1.994600296020507812e-01
1.230018213391304016e-02
-1.119804754853248596e-01
1.273574233055114746e-01
1.056523174047470093e-01
3.226062059402465820e-01
2.449459582567214966e-01
-2.305634552612900734e-03
7.614811882376670837e-03
-4.622583091259002686e-02
1.796492040157318115e-01
-3.255887031555175781e-01
1.101550310850143433e-01
1.468037515878677368e-01
1.481891423463821411e-01
7.648492604494094849e-02
1.367415189743041992e-01
-1.215887069702148438e-01
2.879356220364570618e-02
1.351303160190582275e-01
-1.390425115823745728e-01
1.151335537433624268e-01
2.610938623547554016e-02
5.931831896305084229e-02
-2.693738788366317749e-02
-7.675644010305404663e-02
1.723707318305969238e-01
1.932307481765747070e-01
-8.468338847160339355e-02
-1.203799992799758911e-01
5.855162441730499268e-02
-1.278060674667358398e-01
-6.194465979933738708e-02
1.236683577299118042e-01
-1.055909022688865662e-01
-2.119082510471343994e-01
-2.396028637886047363e-01
1.153628751635551453e-01
3.929919600486755371e-01
2.139442116022109985e-01
-1.763112396001815796e-01
2.162788063287734985e-02
-6.914278119802474976e-02
-3.062737360596656799e-02
4.791611060500144958e-02
-5.432684719562530518e-02
-1.429259777069091797e-01
-4.401580616831779480e-02
-5.847123265266418457e-02
3.940919041633605957e-02
2.552401423454284668e-01
8.041564375162124634e-02
-8.154473453760147095e-02
2.066269069910049438e-01
5.070806294679641724e-02
-2.110686153173446655e-02
4.232680052518844604e-02
6.283111404627561569e-03
-1.066000685095787048e-01
1.628893241286277771e-02
-2.522765994071960449e-01
1.765192486345767975e-03
-2.559180185198783875e-02
-2.316730469465255737e-02
-3.401463851332664490e-03
4.272436350584030151e-02
-1.950534582138061523e-01
9.194319695234298706e-02
1.136813685297966003e-02
-3.881635889410972595e-02
-8.966835215687751770e-03
8.331780135631561279e-02
-1.890622824430465698e-01
-1.903700642287731171e-02
1.577503383159637451e-01
-2.468702942132949829e-01
1.744031012058258057e-01
1.328894197940826416e-01
1.688393801450729370e-01
9.316629171371459961e-02
1.699260920286178589e-01
-3.491843119263648987e-02
6.531524658203125000e-02
4.177516698837280273e-02
-8.276207745075225830e-02
-6.024768203496932983e-02
9.165899455547332764e-02
-1.746363565325737000e-02
5.407314747571945190e-02
4.313642531633377075e-02
