-1.001277714967727661e-01
9.574912488460540771e-02
2.628975734114646912e-02
-5.112432315945625305e-02
-4.312166199088096619e-02
2.623597718775272369e-02
-7.986132800579071045e-02
-8.419454842805862427e-02
1.852206587791442871e-01
-6.537514925003051758e-02
2.044660151004791260e-01
3.866609185934066772e-02
-1.103511452674865723e-01
-6.214422732591629028e-02
-5.629548430442810059e-02
7.619880139827728271e-02
-1.080884933471679688e-01
-1.599999368190765381e-01
-1.347196400165557861e-01
-1.249348968267440796e-01
-4.004720598459243774e-02
-1.163524389266967773e-02
2.432484738528728485e-02
1.008560284972190857e-01
-1.976780295372009277e-01
-2.792572677135467529e-01
-6.989353336393833160e-03
-1.164538934826850891e-01
-2.427230216562747955e-02
-7.268715649843215942e-02
-3.143633529543876648e-02
4.317494109272956848e-02
-2.121920585632324219e-01
-9.179901331663131714e-02
1.150952558964490891e-02
1.087891757488250732e-01
-6.322067975997924805e-02
-2.334374748170375824e-02
1.863562166690826416e-01
2.072442695498466492e-02
-1.130057722330093384e-01
1.194493621587753296e-01
8.884245157241821289e-02
3.300234675407409668e-01
2.394877076148986816e-01
3.373343497514724731e-05
1.219781022518873215e-02
-4.992835223674774170e-02
1.784877628087997437e-01
-2.966881394386291504e-01
1.100435107946395874e-01
1.281326562166213989e-01
1.406267732381820679e-01
5.503389611840248108e-02
1.408630609512329102e-01
-1.138571649789810181e-01
1.075886189937591553e-02
1.412574201822280884e-01
-1.124881729483604431e-01
1.231252849102020264e-01
2.089854329824447632e-02
5.385803431272506714e-02
-5.523029714822769165e-03
-6.439564377069473267e-02
1.883890330791473389e-01
1.849992424249649048e-01
-6.965068727731704712e-02
-1.294589787721633911e-01
8.046696335077285767e-02
-1.289383322000503540e-01
-5.560855939984321594e-02
9.575666487216949463e-02
-9.665939211845397949e-02
-2.120048999786376953e-01
-2.498127818107604980e-01
1.143233031034469604e-01
4.104057550430297852e-01
2.102091461420059204e-01
-1.844870001077651978e-01
1.617407798767089844e-02
-6.487897783517837524e-02
-2.101453393697738647e-02
7.885868102312088013e-02
-4.609945416450500488e-02
-1.355058997869491577e-01
-4.401837289333343506e-02
-6.547857075929641724e-02
3.165017068386077881e-02
2.774466872215270996e-01
9.688146412372589111e-02
-9.641166031360626221e-02
2.053610533475875854e-01
3.656904771924018860e-02
-3.174041211605072021e-02
5.296758562326431274e-02
-3.250842913985252380e-03
-1.133164614439010620e-01
3.831538558006286621e-02
-2.471297681331634521e-01
-6.022661924362182617e-03
-2.171217836439609528e-02
-2.676902897655963898e-02
1.718128100037574768e-02
4.515563696622848511e-02
-1.941984146833419800e-01
8.853801339864730835e-02
-6.079961545765399933e-03
-2.052908018231391907e-02
-6.098838523030281067e-03
1.166147515177726746e-01
-2.042317837476730347e-01
-2.957023680210113525e-02
1.592846363782882690e-01
-2.420560121536254883e-01
1.810593754053115845e-01
1.317508816719055176e-01
1.478131115436553955e-01
1.160473376512527466e-01
1.619632095098495483e-01
-2.043613232672214508e-02
5.899038538336753845e-02
5.421780794858932495e-02
-6.159285083413124084e-02
-5.313571542501449585e-02
7.036013901233673096e-02
-3.366603702306747437e-02
8.183294534683227539e-02
6.130483001470565796e-02
