-1.088134497404098511e-01
1.010038629174232483e-01
2.223473228514194489e-02
-6.187986582517623901e-02
-3.823465481400489807e-02
2.991604059934616089e-02
-6.941504776477813721e-02
-8.048310875892639160e-02
1.756328344345092773e-01
-4.500539228320121765e-02
2.073587924242019653e-01
1.203378103673458099e-02
-1.319868117570877075e-01
-7.178296893835067749e-02
-3.751248866319656372e-02
7.682503014802932739e-02
-1.018031984567642212e-01
-1.620965898036956787e-01
-1.437163501977920532e-01
-1.228529214859008789e-01
-3.832659125328063965e-02
-2.394442632794380188e-02
3.746788948774337769e-02
9.883051365613937378e-02
-1.893876492977142334e-01
-2.886647284030914307e-01
-3.494580276310443878e-03
-1.141343265771865845e-01
-7.485577836632728577e-03
-8.516234159469604492e-02
-5.139665305614471436e-02
5.650757625699043274e-02
-2.105033844709396362e-01
-1.084726601839065552e-01
1.079292967915534973e-02
1.079615801572799683e-01
-7.395267486572265625e-02
-4.362253472208976746e-02
1.963707208633422852e-01
-5.592448171228170395e-03
-1.234219521284103394e-01
1.120246425271034241e-01
1.081676334142684937e-01
3.303489685058593750e-01
2.336559295654296875e-01
-9.012577123939990997e-03
-3.117268905043601990e-03
-2.900765463709831238e-02
1.632793843746185303e-01
-3.118664324283599854e-01
1.041996404528617859e-01
1.478953063488006592e-01
1.203611269593238831e-01
6.097376346588134766e-02
1.310975700616836548e-01
-1.018478572368621826e-01
2.372012101113796234e-02
1.403455734252929688e-01
-1.289791613817214966e-01
9.189110994338989258e-02
3.601081669330596924e-02
5.049880221486091614e-02
-2.134565636515617371e-02
-7.424607872962951660e-02
1.822499632835388184e-01
2.027419507503509521e-01
-7.591702789068222046e-02
-1.302973330020904541e-01
5.694769695401191711e-02
-1.176275238394737244e-01
-5.120211094617843628e-02
7.974607497453689575e-02
-1.152583733201026917e-01
-2.047784179449081421e-01
-2.594780027866363525e-01
1.156113147735595703e-01
3.829736113548278809e-01
2.035453766584396362e-01
-1.731323599815368652e-01
3.190337866544723511e-02
-6.398963183164596558e-02
-1.480997540056705475e-02
8.038341999053955078e-02
-5.293702334165573120e-02
-1.400027424097061157e-01
-4.047713801264762878e-02
-6.701415032148361206e-02
3.897611796855926514e-02
2.487516850233078003e-01
8.944538980722427368e-02
-9.249126166105270386e-02
1.901493966579437256e-01
4.850231111049652100e-02
-3.125648573040962219e-02
5.752187222242355347e-02
2.186523191630840302e-02
-1.095286607742309570e-01
2.062967792153358459e-02
-2.718471288681030273e-01
1.494051702320575714e-02
-1.621377095580101013e-02
-1.643883064389228821e-02
9.047735482454299927e-03
5.979666486382484436e-02
-1.924521028995513916e-01
8.665600419044494629e-02
1.472550258040428162e-02
-2.429677173495292664e-02
-4.738559015095233917e-03
9.455299377441406250e-02
-1.846261173486709595e-01
-3.588864579796791077e-02
1.292941272258758545e-01
-2.436444759368896484e-01
1.640001088380813599e-01
1.416994333267211914e-01
1.509160548448562622e-01
1.040515527129173279e-01
1.694457828998565674e-01
-4.029150307178497314e-02
6.450442969799041748e-02
6.369276344776153564e-02
-7.460577040910720825e-02
-5.721249058842658997e-02
8.649686723947525024e-02
-1.524598244577646255e-02
5.959797278046607971e-02
6.208026781678199768e-02
