-9.291880577802658081e-02
1.276720017194747925e-01
-2.560709603130817413e-03
-6.768794357776641846e-02
-4.978725314140319824e-02
5.690195038914680481e-02
-7.758367806673049927e-02
-7.383585721254348755e-02
1.854119598865509033e-01
-1.171174459159374237e-02
1.867939382791519165e-01
2.449539490044116974e-02
-1.605354696512222290e-01
-4.148021712899208069e-02
-4.274985194206237793e-02
8.203187584877014160e-02
-9.853602200746536255e-02
-1.659529358148574829e-01
-1.713449954986572266e-01
-1.190845891833305359e-01
-3.461217135190963745e-02
1.961103640496730804e-02
3.733812272548675537e-02
1.149616986513137817e-01
-1.876330226659774780e-01
-2.708078324794769287e-01
9.144023060798645020e-03
-1.396362185478210449e-01
-2.281464263796806335e-02
-1.195135638117790222e-01
-7.163400948047637939e-02
3.759029135107994080e-02
-2.161546349525451660e-01
-1.200541332364082336e-01
1.286840438842773438e-02
6.631941348314285278e-02
-5.998193472623825073e-02
-5.603484064340591431e-02
2.145386040210723877e-01
9.694915264844894409e-03
-1.210146322846412659e-01
1.187109351158142090e-01
1.061448156833648682e-01
3.161802291870117188e-01
2.329961657524108887e-01
-1.520365290343761444e-02
3.118593245744705200e-03
-5.689332634210586548e-02
1.664108037948608398e-01
-3.074746429920196533e-01
1.161277964711189270e-01
1.420196443796157837e-01
1.081762686371803284e-01
8.029755949974060059e-02
9.614670276641845703e-02
-1.174123138189315796e-01
1.116446591913700104e-02
1.363984048366546631e-01
-1.199677437543869019e-01
1.010032370686531067e-01
4.695657640695571899e-02
3.655420243740081787e-02
-4.094966500997543335e-02
-8.114597946405410767e-02
1.883158683776855469e-01
1.727669835090637207e-01
-7.733521610498428345e-02
-1.250310838222503662e-01
3.402481228113174438e-02
-1.065014451742172241e-01
-6.891764700412750244e-02
8.066152036190032959e-02
-1.186277940869331360e-01
-1.926882117986679077e-01
-2.769849598407745361e-01
1.311581581830978394e-01
4.070203304290771484e-01
1.927657872438430786e-01
-1.892755031585693359e-01
3.471355140209197998e-02
-7.766839861869812012e-02
-1.666652038693428040e-02
5.834658071398735046e-02
-4.776204377412796021e-02
-1.503522247076034546e-01
-3.589516133069992065e-02
-5.104801803827285767e-02
6.955531239509582520e-02
2.659572660923004150e-01
9.177431464195251465e-02
-8.690165728330612183e-02
2.079517990350723267e-01
5.713319033384323120e-02
-3.057379275560379028e-03
6.695085763931274414e-02
6.023569405078887939e-02
-8.973884582519531250e-02
-5.749543197453022003e-03
-2.386508882045745850e-01
4.022090882062911987e-02
-4.544728435575962067e-03
-1.131410058587789536e-02
1.132706739008426666e-02
7.231045514345169067e-02
-1.909569203853607178e-01
8.351597934961318970e-02
1.559079904109239578e-02
-3.092217817902565002e-02
7.704095914959907532e-04
9.620223939418792725e-02
-1.701863408088684082e-01
-5.509189143776893616e-02
1.470313668251037598e-01
-2.367671430110931396e-01
1.518263071775436401e-01
1.313194930553436279e-01
1.506347954273223877e-01
9.720831364393234253e-02
1.441860795021057129e-01
-1.689546369016170502e-02
4.502457380294799805e-02
7.491752505302429199e-02
-1.026682704687118530e-01
-5.231136828660964966e-02
1.317084729671478271e-01
6.660982966423034668e-03
6.837922334671020508e-02
7.581041008234024048e-02
