-1.096846833825111389e-01
8.140563964843750000e-02
-2.203665673732757568e-03
-4.458264261484146118e-02
-8.449380099773406982e-02
7.325971871614456177e-02
-1.260643452405929565e-01
-4.827198758721351624e-02
1.825077533721923828e-01
-2.699729613959789276e-02
1.781978905200958252e-01
4.521449562162160873e-03
-1.689807176589965820e-01
-6.638120114803314209e-02
-5.320603027939796448e-02
1.153482571244239807e-01
-1.032195538282394409e-01
-1.447767913341522217e-01
-1.301780194044113159e-01
-1.265041828155517578e-01
-4.598256945610046387e-02
3.402419853955507278e-03
2.630376815795898438e-02
1.165005192160606384e-01
-2.025244235992431641e-01
-2.960388958454132080e-01
-6.205225363373756409e-04
-1.789193898439407349e-01
-3.178980201482772827e-02
-1.465235203504562378e-01
-9.578391909599304199e-02
1.027263235300779343e-02
-2.045889496803283691e-01
-9.440627694129943848e-02
1.738801598548889160e-02
7.896018773317337036e-02
-5.850516632199287415e-02
-3.637899085879325867e-02
1.837719380855560303e-01
2.499693073332309723e-03
-1.269608139991760254e-01
1.003335416316986084e-01
8.313056826591491699e-02
2.913165390491485596e-01
2.435086667537689209e-01
2.362714521586894989e-02
-2.819941379129886627e-02
-4.574497416615486145e-02
1.740301698446273804e-01
-3.016599118709564209e-01
1.173636019229888916e-01
1.558632254600524902e-01
1.358027905225753784e-01
6.306719034910202026e-02
7.978473603725433350e-02
-1.095662117004394531e-01
4.394482821226119995e-04
1.579087674617767334e-01
-1.917889416217803955e-01
9.012205898761749268e-02
2.341441996395587921e-02
2.361426129937171936e-02
-4.292632639408111572e-02
-5.939719825983047485e-02
2.046375721693038940e-01
2.380929589271545410e-01
-1.014780700206756592e-01
-1.355747431516647339e-01
5.098256096243858337e-02
-1.419247090816497803e-01
-2.855639159679412842e-02
5.104146152734756470e-02
-1.222499161958694458e-01
-2.185277193784713745e-01
-2.921468317508697510e-01
1.087741702795028687e-01
3.598764538764953613e-01
1.888059824705123901e-01
-2.003445327281951904e-01
-5.242221057415008545e-03
-5.629134923219680786e-02
-1.360792852938175201e-02
4.276142269372940063e-02
-3.582067787647247314e-02
-1.342631280422210693e-01
-8.220417797565460205e-02
-3.134078159928321838e-02
5.031953752040863037e-02
2.195729166269302368e-01
5.244917422533035278e-02
-4.930602759122848511e-02
1.703895926475524902e-01
2.292268723249435425e-02
-1.964196190237998962e-02
3.438843414187431335e-02
6.656128168106079102e-02
-1.329519748687744141e-01
-1.035599503666162491e-02
-1.968369632959365845e-01
2.794651500880718231e-02
-3.518978506326675415e-02
4.843506962060928345e-03
3.857399523258209229e-02
5.629343539476394653e-02
-1.723505854606628418e-01
9.223247319459915161e-02
4.819142632186412811e-04
-6.889859586954116821e-02
-2.628481015563011169e-02
6.601284444332122803e-02
-1.651510000228881836e-01
-5.109524354338645935e-02
1.642723679542541504e-01
-2.283021211624145508e-01
2.125508487224578857e-01
1.290833801031112671e-01
1.381479203701019287e-01
1.265606880187988281e-01
1.209763959050178528e-01
-1.190717704594135284e-02
2.182659134268760681e-02
5.441946536302566528e-02
-9.219870716333389282e-02
-5.182806402444839478e-02
1.010385900735855103e-01
-3.772009536623954773e-02
7.522604614496231079e-02
4.388627782464027405e-02
