-1.210625469684600830e-01
1.125827506184577942e-01
2.341651916503906250e-02
-5.848769843578338623e-02
-4.349066317081451416e-02
2.163527347147464752e-02
-7.382759451866149902e-02
-9.132789075374603271e-02
1.910967677831649780e-01
-5.044949799776077271e-02
2.034148573875427246e-01
3.171506896615028381e-02
-1.147978305816650391e-01
-5.606972053647041321e-02
-7.065149396657943726e-02
6.486743688583374023e-02
-1.017102450132369995e-01
-1.590581983327865601e-01
-1.369748860597610474e-01
-1.189387217164039612e-01
-3.794644027948379517e-02
-1.206579711288213730e-02
3.279915079474449158e-02
1.039809137582778931e-01
-1.873106658458709717e-01
-2.799292504787445068e-01
-1.319413073360919952e-02
-1.158248633146286011e-01
-1.793814450502395630e-02
-7.821865379810333252e-02
-3.130825608968734741e-02
4.809993878006935120e-02
-2.114984542131423950e-01
-1.006609350442886353e-01
1.827851124107837677e-02
1.044371575117111206e-01
-7.025935500860214233e-02
-2.824519947171211243e-02
1.938803344964981079e-01
1.173415593802928925e-02
-1.067586243152618408e-01
1.135314106941223145e-01
9.848242998123168945e-02
3.345188200473785400e-01
2.400031685829162598e-01
3.929052036255598068e-03
4.249723628163337708e-03
-6.016467511653900146e-02
1.705315113067626953e-01
-3.000861108303070068e-01
1.143410503864288330e-01
1.415173858404159546e-01
1.341206729412078857e-01
5.240958929061889648e-02
1.460957229137420654e-01
-1.085151210427284241e-01
1.611330360174179077e-02
1.299765557050704956e-01
-1.162395253777503967e-01
1.117395311594009399e-01
3.231200575828552246e-02
5.368753150105476379e-02
-2.417350560426712036e-02
-7.432595640420913696e-02
1.804503798484802246e-01
1.940933912992477417e-01
-7.225268334150314331e-02
-1.269237399101257324e-01
8.164703100919723511e-02
-1.293985694646835327e-01
-4.950409755110740662e-02
9.381170570850372314e-02
-9.591266512870788574e-02
-2.128058224916458130e-01
-2.389262467622756958e-01
1.231790110468864441e-01
4.128490388393402100e-01
2.178559899330139160e-01
-1.642916798591613770e-01
2.772405371069908142e-02
-6.618484854698181152e-02
-2.464870363473892212e-02
6.002843379974365234e-02
-5.072043463587760925e-02
-1.615066826343536377e-01
-4.763442277908325195e-02
-5.445253849029541016e-02
4.256828129291534424e-02
2.621552348136901855e-01
1.029802784323692322e-01
-9.376113116741180420e-02
1.997037082910537720e-01
3.632102906703948975e-02
-3.298653662204742432e-02
5.353324115276336670e-02
-2.486591693013906479e-03
-1.100044026970863342e-01
3.566144406795501709e-02
-2.488370686769485474e-01
6.979711819440126419e-03
-1.428076438605785370e-02
-2.826517820358276367e-02
1.878053136169910431e-02
5.234203487634658813e-02
-1.995187401771545410e-01
7.704088836908340454e-02
-5.343883763998746872e-03
-3.200082480907440186e-02
-3.181679174304008484e-03
1.007780581712722778e-01
-1.993200480937957764e-01
-2.631855383515357971e-02
1.508589684963226318e-01
-2.462859600782394409e-01
1.814811676740646362e-01
1.237566173076629639e-01
1.519610732793807983e-01
1.139570772647857666e-01
1.671114861965179443e-01
-2.607987821102142334e-02
7.515773177146911621e-02
5.903890356421470642e-02
-5.821557715535163879e-02
-5.610931292176246643e-02
8.168952912092208862e-02
-3.319190442562103271e-02
7.326398044824600220e-02
5.622397363185882568e-02
