-1.148592755198478699e-01
1.054980307817459106e-01
3.875615820288658142e-02
-6.236640736460685730e-02
-6.673137843608856201e-02
4.319550469517707825e-02
-6.027628481388092041e-02
-9.239178895950317383e-02
1.897609829902648926e-01
-5.857630819082260132e-02
1.829172968864440918e-01
5.125091969966888428e-02
-1.148617416620254517e-01
-6.161510571837425232e-02
-3.509026020765304565e-02
5.828660354018211365e-02
-9.349126368761062622e-02
-1.798267215490341187e-01
-1.207178458571434021e-01
-1.103365495800971985e-01
-3.087663277983665466e-02
-2.081476338207721710e-02
3.060020878911018372e-02
9.295538067817687988e-02
-2.005998492240905762e-01
-2.908628582954406738e-01
-8.114849217236042023e-03
-9.769158065319061279e-02
-9.589504450559616089e-03
-7.275563478469848633e-02
-3.531148657202720642e-02
5.835039168596267700e-02
-2.195483297109603882e-01
-1.073611527681350708e-01
6.673028692603111267e-04
9.134305268526077271e-02
-7.459207624197006226e-02
-2.392454072833061218e-02
1.950525045394897461e-01
2.383180893957614899e-02
-1.350777149200439453e-01
1.086230427026748657e-01
8.952704071998596191e-02
3.298129141330718994e-01
2.455695271492004395e-01
-6.446193903684616089e-03
1.658816263079643250e-02
-4.009854793548583984e-02
1.698121577501296997e-01
-3.171943724155426025e-01
1.031661480665206909e-01
1.414226591587066650e-01
1.391674280166625977e-01
3.302856162190437317e-02
1.275651305913925171e-01
-8.194763958454132080e-02
1.240101456642150879e-02
1.265459954738616943e-01
-1.311952322721481323e-01
1.288228929042816162e-01
4.742281883955001831e-02
1.986857503652572632e-02
-2.081048674881458282e-02
-7.160188257694244385e-02
1.650145351886749268e-01
1.751141995191574097e-01
-5.508193746209144592e-02
-1.295948922634124756e-01
7.035812735557556152e-02
-1.290621459484100342e-01
-6.853371113538742065e-02
9.519354254007339478e-02
-9.759462624788284302e-02
-2.123322784900665283e-01
-2.643103599548339844e-01
1.097496673464775085e-01
4.073441922664642334e-01
2.212962359189987183e-01
-1.596468538045883179e-01
2.704480290412902832e-02
-7.402578741312026978e-02
-1.151578780263662338e-02
7.462339848279953003e-02
-4.353186860680580139e-02
-1.374745219945907593e-01
-5.489609390497207642e-02
-5.706007778644561768e-02
4.450165480375289917e-02
2.737794816493988037e-01
9.652461856603622437e-02
-9.601911902427673340e-02
2.070556581020355225e-01
6.176102906465530396e-02
-2.348603308200836182e-02
4.328861832618713379e-02
1.361707970499992371e-02
-9.444629400968551636e-02
3.064640797674655914e-02
-2.539258003234863281e-01
8.534338325262069702e-03
-3.259692341089248657e-02
-1.040223054587841034e-02
3.296715766191482544e-02
6.572633236646652222e-02
-2.116639167070388794e-01
9.280382096767425537e-02
-6.453143432736396790e-03
-2.719576098024845123e-02
1.821308862417936325e-03
8.424668014049530029e-02
-1.958109289407730103e-01
-3.911449015140533447e-02
1.307715326547622681e-01
-2.457618266344070435e-01
1.439954787492752075e-01
1.533841490745544434e-01
1.411196291446685791e-01
1.003421396017074585e-01
1.615607589483261108e-01
-5.039057508111000061e-02
7.493436336517333984e-02
5.273505672812461853e-02
-6.612372398376464844e-02
-5.170518904924392700e-02
9.045691043138504028e-02
-4.055105149745941162e-02
6.592015922069549561e-02
6.230417639017105103e-02
