-1.052429378032684326e-01
9.892272949218750000e-02
2.042056806385517120e-02
-5.620427429676055908e-02
-3.687433153390884399e-02
4.333544522523880005e-02
-8.183263242244720459e-02
-6.735453009605407715e-02
1.772464215755462646e-01
-4.076216742396354675e-02
2.079144865274429321e-01
2.228098176419734955e-02
-1.256606578826904297e-01
-5.273703858256340027e-02
-3.936891257762908936e-02
7.420378923416137695e-02
-1.042482256889343262e-01
-1.507110446691513062e-01
-1.365343183279037476e-01
-1.098015755414962769e-01
-1.799521222710609436e-02
-2.874693460762500763e-02
2.853081747889518738e-02
1.161902770400047302e-01
-2.049883008003234863e-01
-2.826353013515472412e-01
-8.256690576672554016e-03
-1.295505017042160034e-01
-1.585219800472259521e-02
-9.145234525203704834e-02
-5.303273722529411316e-02
4.987350478768348694e-02
-2.132498919963836670e-01
-9.454978257417678833e-02
4.506893455982208252e-03
1.036159172654151917e-01
-7.593135535717010498e-02
-5.390032380819320679e-02
1.869634538888931274e-01
3.829492256045341492e-03
-1.239145547151565552e-01
1.299063861370086670e-01
9.754885733127593994e-02
3.223595917224884033e-01
2.414192855358123779e-01
-6.025618407875299454e-03
1.215532980859279633e-02
-2.589341253042221069e-02
1.681701093912124634e-01
-3.143427968025207520e-01
1.000683382153511047e-01
1.468837261199951172e-01
1.399783939123153687e-01
6.824099272489547729e-02
1.221739575266838074e-01
-1.131742149591445923e-01
2.341991104185581207e-02
1.406375020742416382e-01
-1.317341327667236328e-01
1.071518063545227051e-01
3.036805614829063416e-02
4.610333964228630066e-02
-1.807170920073986053e-02
-7.854511588811874390e-02
1.796097755432128906e-01
2.112270295619964600e-01
-8.621779084205627441e-02
-1.344034671783447266e-01
5.001812800765037537e-02
-1.190790608525276184e-01
-4.797709360718727112e-02
9.654505550861358643e-02
-1.240617483854293823e-01
-2.197525799274444580e-01
-2.461314052343368530e-01
1.243870556354522705e-01
3.827220499515533447e-01
2.107694000005722046e-01
-1.783923059701919556e-01
2.732375264167785645e-02
-7.160735130310058594e-02
-6.375663913786411285e-03
5.425960198044776917e-02
-4.763084277510643005e-02
-1.319075524806976318e-01
-5.157857388257980347e-02
-6.382682174444198608e-02
3.803937137126922607e-02
2.580883204936981201e-01
8.700990676879882812e-02
-8.006739616394042969e-02
1.952934265136718750e-01
3.994560241699218750e-02
-4.455707222223281860e-02
4.201476648449897766e-02
2.286660671234130859e-02
-1.188867539167404175e-01
2.044995501637458801e-02
-2.416215091943740845e-01
9.879633784294128418e-03
-3.003051504492759705e-02
-2.226353250443935394e-02
4.136271309107542038e-03
5.010237544775009155e-02
-2.058487087488174438e-01
9.580095112323760986e-02
-4.461931064724922180e-03
-2.712515182793140411e-02
-3.966768272221088409e-03
9.363102167844772339e-02
-1.915403157472610474e-01
-1.988259516656398773e-02
1.393053829669952393e-01
-2.522971332073211670e-01
1.698812395334243774e-01
1.400438547134399414e-01
1.558774113655090332e-01
1.040567085146903992e-01
1.619792580604553223e-01
-2.477674931287765503e-02
5.395446345210075378e-02
6.569762527942657471e-02
-8.501835167407989502e-02
-5.937876552343368530e-02
8.976683765649795532e-02
-2.183957956731319427e-02
5.620658397674560547e-02
4.618429392576217651e-02
