-1.260440051555633545e-01
1.063452437520027161e-01
2.354068309068679810e-02
-6.284448504447937012e-02
-3.929887339472770691e-02
2.850361540913581848e-02
-6.614341586828231812e-02
-6.243067979812622070e-02
1.770744174718856812e-01
-2.341637015342712402e-02
1.948022544384002686e-01
2.537629567086696625e-02
-1.317942440509796143e-01
-5.027083680033683777e-02
-7.853496074676513672e-02
5.838558822870254517e-02
-1.063218116760253906e-01
-1.571485400199890137e-01
-1.520379930734634399e-01
-1.067214459180831909e-01
-2.968080155551433563e-02
3.014079760760068893e-03
2.398558333516120911e-02
1.107576489448547363e-01
-1.747498065233230591e-01
-2.777740359306335449e-01
-6.690078414976596832e-03
-1.159211248159408569e-01
-2.241641283035278320e-03
-9.767565131187438965e-02
-2.282956615090370178e-02
4.874005913734436035e-02
-2.178160399198532104e-01
-1.014500111341476440e-01
1.322898454964160919e-02
9.651925414800643921e-02
-9.460848569869995117e-02
-5.390354990959167480e-02
2.228744924068450928e-01
2.218002080917358398e-02
-1.145405992865562439e-01
1.214263811707496643e-01
1.180974096059799194e-01
3.380875587463378906e-01
2.310665994882583618e-01
-1.597102358937263489e-02
4.440678283572196960e-03
-6.433527916669845581e-02
1.674652397632598877e-01
-3.159295320510864258e-01
1.031171530485153198e-01
1.781292706727981567e-01
1.342376470565795898e-01
8.361452072858810425e-02
1.418343335390090942e-01
-1.051709353923797607e-01
3.747107833623886108e-02
1.417150795459747314e-01
-1.176971718668937683e-01
1.226470768451690674e-01
2.964988723397254944e-02
5.876117199659347534e-02
-1.123811863362789154e-02
-6.617888063192367554e-02
1.640280783176422119e-01
1.724843233823776245e-01
-6.322652846574783325e-02
-1.375931799411773682e-01
7.402665168046951294e-02
-1.281530261039733887e-01
-5.762697756290435791e-02
1.312169730663299561e-01
-9.065657109022140503e-02
-2.181863784790039062e-01
-2.242511659860610962e-01
1.290587633848190308e-01
4.093500077724456787e-01
2.247342020273208618e-01
-1.635745912790298462e-01
3.924688696861267090e-02
-8.747914433479309082e-02
-5.205478891730308533e-02
6.158555299043655396e-02
-5.213830620050430298e-02
-1.654338538646697998e-01
-5.116584897041320801e-02
-6.148101761937141418e-02
4.683827608823776245e-02
2.746152579784393311e-01
1.171615198254585266e-01
-8.216466754674911499e-02
2.014202326536178589e-01
7.735194265842437744e-02
-4.011871665716171265e-02
6.466531008481979370e-02
-2.285919617861509323e-03
-1.054729670286178589e-01
1.871057227253913879e-02
-2.582032382488250732e-01
-1.674878410995006561e-03
-1.898899860680103302e-02
-3.360211476683616638e-02
8.071307092905044556e-03
4.726014286279678345e-02
-1.972630769014358521e-01
8.764121681451797485e-02
1.717570796608924866e-02
-5.050050467252731323e-02
-7.891105487942695618e-03
9.017170220613479614e-02
-1.911008805036544800e-01
-1.232284959405660629e-02
1.503773331642150879e-01
-2.493171989917755127e-01
1.824323236942291260e-01
1.170115023851394653e-01
1.704514324665069580e-01
9.925419092178344727e-02
1.770035922527313232e-01
-2.489531040191650391e-02
6.029846519231796265e-02
4.132949933409690857e-02
-5.384085327386856079e-02
-5.510072410106658936e-02
9.215580672025680542e-02
-1.466152071952819824e-02
6.944099813699722290e-02
4.491035640239715576e-02
