-1.519797742366790771e-01
9.003639966249465942e-02
5.850001797080039978e-02
-3.175588697195053101e-02
-7.635166496038436890e-02
3.315162286162376404e-02
-2.802199311554431915e-02
-6.671931594610214233e-02
1.791614741086959839e-01
-5.899315327405929565e-02
1.151574701070785522e-01
4.383704625070095062e-03
-1.365283131599426270e-01
-2.224585413932800293e-02
-1.129731312394142151e-01
8.619728684425354004e-02
-1.252976655960083008e-01
-2.059095799922943115e-01
-4.697412624955177307e-02
-4.606623947620391846e-02
6.614809483289718628e-02
2.848853915929794312e-02
-1.636218652129173279e-02
9.972351789474487305e-02
-1.858373582363128662e-01
-3.126428425312042236e-01
-7.683613151311874390e-02
-1.399969309568405151e-01
7.394382730126380920e-03
-1.242203637957572937e-01
-2.474775910377502441e-02
4.511962085962295532e-02
-2.046711444854736328e-01
4.297450929880142212e-02
-2.325003221631050110e-02
4.128041118383407593e-02
7.696782052516937256e-02
5.143733695149421692e-02
1.304529756307601929e-01
3.876473754644393921e-02
-1.678940653800964355e-01
-4.313309676945209503e-03
7.013444602489471436e-02
2.589621841907501221e-01
1.560959219932556152e-01
2.451878786087036133e-02
-2.601310238242149353e-02
-1.033984310925006866e-02
3.552583977580070496e-02
-2.083215713500976562e-01
2.487758547067642212e-02
1.430878341197967529e-01
1.379815042018890381e-01
7.837073504924774170e-02
3.625668212771415710e-02
-1.457726359367370605e-01
2.538446336984634399e-03
-1.849330589175224304e-02
-1.231122761964797974e-01
1.209483742713928223e-01
-1.773263514041900635e-02
-5.899140983819961548e-02
-2.004215680062770844e-02
8.727561682462692261e-03
2.064303755760192871e-01
1.060917899012565613e-01
-6.261811405420303345e-02
-1.527564823627471924e-01
1.389282941818237305e-01
-2.193447798490524292e-01
-2.654591389000415802e-02
3.402649611234664917e-02
-7.146970927715301514e-02
-1.135078594088554382e-01
-2.203058153390884399e-01
3.292679786682128906e-02
4.260230958461761475e-01
1.263218075037002563e-01
-2.108343243598937988e-01
5.723952502012252808e-02
-1.231148466467857361e-01
-4.488268867135047913e-02
-2.077620849013328552e-02
2.239519963040947914e-03
-1.856544762849807739e-01
6.814567744731903076e-02
-8.857285231351852417e-02
5.049759149551391602e-02
2.384046316146850586e-01
3.968528658151626587e-02
2.395671047270298004e-02
1.796779632568359375e-01
7.763531059026718140e-03
3.815754503011703491e-02
6.393306702375411987e-02
-1.245690137147903442e-02
-6.120728701353073120e-02
7.131229620426893234e-03
-8.413305878639221191e-02
3.744374215602874756e-02
-7.991664111614227295e-02
-1.043298244476318359e-01
1.888080500066280365e-03
9.261886030435562134e-02
-1.967535167932510376e-01
1.007745340466499329e-01
9.415742941200733185e-03
-9.163609892129898071e-02
-6.473910808563232422e-02
1.992547065019607544e-01
-1.742553114891052246e-01
-1.119029968976974487e-01
1.596162319183349609e-01
-2.054771184921264648e-01
1.832550466060638428e-01
1.824893504381179810e-01
6.903938949108123779e-02
1.200494319200515747e-01
5.426793918013572693e-02
1.026004329323768616e-01
-4.844004288315773010e-03
6.230659782886505127e-02
-2.615811116993427277e-02
-3.447961062192916870e-02
6.753802299499511719e-02
-1.423762291669845581e-01
-4.533257335424423218e-03
4.690407589077949524e-02
