-1.429362446069717407e-01
1.184184253215789795e-01
8.369870483875274658e-02
-1.031291857361793518e-02
-7.317645102739334106e-02
1.188487187027931213e-02
-6.287888437509536743e-02
-3.536843881011009216e-02
1.459940373897552490e-01
-1.754625141620635986e-02
1.061033904552459717e-01
-1.440291944891214371e-02
-1.178952157497406006e-01
-1.774370111525058746e-02
-6.889265775680541992e-02
9.237194061279296875e-02
-1.368754506111145020e-01
-1.951632052659988403e-01
-7.155494391918182373e-02
-5.151666700839996338e-02
1.556950435042381287e-02
5.028736591339111328e-02
-1.430964283645153046e-02
1.021546125411987305e-01
-1.684321314096450806e-01
-2.993251085281372070e-01
-6.104871258139610291e-02
-1.554571837186813354e-01
4.764089733362197876e-02
-1.302881240844726562e-01
-6.031680479645729065e-02
-1.603965461254119873e-02
-2.135811895132064819e-01
9.891295805573463440e-03
-1.146035362035036087e-02
4.295303672552108765e-02
5.577094480395317078e-02
2.314131520688533783e-02
1.341568976640701294e-01
4.636698588728904724e-02
-1.376066207885742188e-01
3.297562152147293091e-02
4.591748118400573730e-02
2.806436121463775635e-01
1.704219132661819458e-01
5.148044601082801819e-02
-8.338779211044311523e-03
2.136452682316303253e-02
2.346895635128021240e-02
-2.019725590944290161e-01
2.382075786590576172e-02
1.771434992551803589e-01
1.090221479535102844e-01
8.214899897575378418e-02
3.493726626038551331e-02
-1.330563575029373169e-01
7.468823343515396118e-03
8.925162255764007568e-03
-1.288256645202636719e-01
1.385853737592697144e-01
1.399099268019199371e-02
-1.405154168605804443e-02
-1.355533767491579056e-02
1.546669937670230865e-02
2.395287454128265381e-01
1.141540557146072388e-01
-5.769865587353706360e-02
-1.387701630592346191e-01
1.223263517022132874e-01
-2.033375352621078491e-01
-3.643769025802612305e-02
9.939881972968578339e-03
-8.734142035245895386e-02
-9.625010192394256592e-02
-2.032084167003631592e-01
4.081483930349349976e-02
4.220198392868041992e-01
1.385649591684341431e-01
-2.287985086441040039e-01
5.998902395367622375e-02
-1.118643730878829956e-01
-2.960572950541973114e-02
-5.110119935125112534e-03
1.062559895217418671e-02
-1.789965331554412842e-01
7.125920057296752930e-02
-8.716489374637603760e-02
6.120633333921432495e-02
2.157586514949798584e-01
5.980487167835235596e-02
3.844566270709037781e-02
1.566898673772811890e-01
2.228057570755481720e-02
9.380220435559749603e-03
6.630825996398925781e-02
-3.632107377052307129e-02
-5.567628145217895508e-02
-2.879119664430618286e-02
-7.447285950183868408e-02
1.356104854494333267e-02
-4.923966154456138611e-02
-7.914324104785919189e-02
1.269576326012611389e-02
1.048210710287094116e-01
-1.728892624378204346e-01
1.080361306667327881e-01
1.743949763476848602e-02
-7.732876390218734741e-02
-6.610710173845291138e-02
2.255404442548751831e-01
-1.260954737663269043e-01
-1.064668446779251099e-01
1.616107523441314697e-01
-1.813382953405380249e-01
1.986959725618362427e-01
1.855012178421020508e-01
3.614906594157218933e-02
8.971283584833145142e-02
2.996494993567466736e-02
1.178109273314476013e-01
-2.021316252648830414e-02
9.907653927803039551e-02
-1.909142360091209412e-02
-6.581582129001617432e-02
2.430217154324054718e-02
-1.106158643960952759e-01
3.520658612251281738e-02
6.585099548101425171e-02
