-9.284687787294387817e-02
5.703102052211761475e-02
2.943229302763938904e-02
-3.407713025808334351e-02
-6.857626885175704956e-02
5.214548204094171524e-03
-5.803507566452026367e-02
-3.259043022990226746e-02
1.262938678264617920e-01
-4.975080490112304688e-02
1.173477247357368469e-01
-9.084381163120269775e-03
-1.278096437454223633e-01
-6.154896318912506104e-02
-1.479306519031524658e-01
8.176755905151367188e-02
-1.397080421447753906e-01
-1.776095330715179443e-01
-7.493738830089569092e-02
-6.393429636955261230e-02
2.771046012639999390e-02
4.502899572253227234e-02
-8.508871495723724365e-02
7.669324427843093872e-02
-1.254380643367767334e-01
-2.874965071678161621e-01
-4.670810699462890625e-02
-1.306432634592056274e-01
4.992029443383216858e-02
-1.319491416215896606e-01
7.819291204214096069e-03
1.675073802471160889e-02
-1.799859404563903809e-01
2.698823809623718262e-04
1.031715795397758484e-02
7.376147806644439697e-02
2.855145372450351715e-02
1.781490072607994080e-02
1.326282620429992676e-01
6.137242913246154785e-02
-1.209834367036819458e-01
2.853835560381412506e-02
4.799062013626098633e-02
3.324134647846221924e-01
1.493839472532272339e-01
9.824156761169433594e-02
-2.480825036764144897e-02
8.065141737461090088e-03
7.890578359365463257e-02
-2.184497565031051636e-01
2.789853326976299286e-02
1.477660834789276123e-01
1.037057712674140930e-01
7.520950585603713989e-02
7.733611762523651123e-02
-1.605977565050125122e-01
2.598782815039157867e-02
1.450618728995323181e-02
-1.603004187345504761e-01
9.438782930374145508e-02
-3.238034993410110474e-02
-1.379546336829662323e-02
1.210082974284887314e-02
-1.036363653838634491e-02
1.902548372745513916e-01
4.177379980683326721e-02
-6.408830732107162476e-02
-1.241688579320907593e-01
1.489781141281127930e-01
-2.507496178150177002e-01
-1.632180064916610718e-02
4.264552891254425049e-02
-1.670161820948123932e-02
-9.612888842821121216e-02
-2.106576263904571533e-01
2.993052452802658081e-02
4.577615261077880859e-01
2.019067108631134033e-01
-1.873043030500411987e-01
2.434999123215675354e-02
-8.624386787414550781e-02
-7.765552401542663574e-02
6.455824524164199829e-02
-2.510206028819084167e-02
-1.313257664442062378e-01
5.218919366598129272e-02
-1.142032817006111145e-01
-4.141839221119880676e-03
2.051688283681869507e-01
6.986339390277862549e-02
6.192475091665983200e-03
1.402256637811660767e-01
2.629409916698932648e-02
-2.580324560403823853e-02
5.133254453539848328e-02
-4.632332548499107361e-02
-1.146697923541069031e-01
1.688464544713497162e-02
-7.912530004978179932e-02
-2.598939090967178345e-02
-4.360812902450561523e-02
-7.816299796104431152e-02
2.461246959865093231e-02
8.685606718063354492e-02
-1.458099186420440674e-01
1.355247348546981812e-01
1.590789481997489929e-02
-6.962253153324127197e-02
-7.069309055805206299e-02
1.822492480278015137e-01
-1.637406349182128906e-01
-8.114999532699584961e-02
1.742007434368133545e-01
-2.110651135444641113e-01
1.547764390707015991e-01
1.725772917270660400e-01
8.286814391613006592e-02
1.218170374631881714e-01
7.025346904993057251e-02
7.271599769592285156e-02
-3.403729200363159180e-02
1.078748423606157303e-02
-5.291707068681716919e-02
-1.140030547976493835e-01
-2.332212775945663452e-02
-8.385474234819412231e-02
6.138406693935394287e-02
3.227899223566055298e-02
