-1.137912496924400330e-01
7.378516346216201782e-02
4.915049299597740173e-02
3.285759314894676208e-02
-8.233525604009628296e-02
2.180656231939792633e-02
-5.303636193275451660e-02
-3.495502471923828125e-02
1.177770867943763733e-01
-6.185834482312202454e-02
1.378895640373229980e-01
-2.806699089705944061e-02
-1.491757780313491821e-01
-4.430455341935157776e-02
-5.627691373229026794e-02
1.013635322451591492e-01
-1.516864001750946045e-01
-1.839960664510726929e-01
-2.991023659706115723e-02
-4.151789844036102295e-02
5.021802335977554321e-02
2.532991208136081696e-02
-3.142140805721282959e-02
1.182022690773010254e-01
-1.374552696943283081e-01
-3.539216518402099609e-01
-7.143886387348175049e-02
-1.515334099531173706e-01
3.457257524132728577e-02
-1.634375005960464478e-01
-3.988506644964218140e-02
3.227308019995689392e-02
-1.885433793067932129e-01
3.681723028421401978e-02
-4.253186285495758057e-03
4.345589876174926758e-02
6.116745620965957642e-02
6.478869169950485229e-02
1.260043829679489136e-01
6.821148842573165894e-02
-1.822811961174011230e-01
6.640090793371200562e-02
1.783552952110767365e-02
2.983725070953369141e-01
1.497196108102798462e-01
6.377755105495452881e-02
-1.414792053401470184e-02
-3.058625757694244385e-02
3.752383589744567871e-02
-1.866963952779769897e-01
3.689280152320861816e-02
1.819146722555160522e-01
1.523049920797348022e-01
5.341385304927825928e-02
-1.193749811500310898e-02
-1.453942805528640747e-01
-2.561799436807632446e-02
-3.320612013339996338e-02
-1.448307931423187256e-01
1.224972307682037354e-01
1.602707058191299438e-02
-3.922139853239059448e-02
-9.342869743704795837e-04
2.548287436366081238e-02
2.030800729990005493e-01
6.455769389867782593e-02
-9.251441061496734619e-02
-1.252302229404449463e-01
1.097389236092567444e-01
-2.217149883508682251e-01
-2.316410839557647705e-02
3.993994742631912231e-02
-7.589200884103775024e-02
-1.473784297704696655e-01
-2.165357768535614014e-01
4.528707638382911682e-02
4.516289830207824707e-01
9.881214052438735962e-02
-2.243613153696060181e-01
5.666935071349143982e-02
-1.413657963275909424e-01
-4.662607610225677490e-02
6.568315438926219940e-05
5.664021149277687073e-02
-1.504006236791610718e-01
6.240659207105636597e-02
-7.809048146009445190e-02
7.199525088071823120e-02
2.036031633615493774e-01
2.692342177033424377e-02
2.829726226627826691e-02
1.730203628540039062e-01
1.556755509227514267e-02
4.949380084872245789e-02
7.435537129640579224e-02
-2.225848147645592690e-03
-4.171352088451385498e-02
-2.879842370748519897e-02
-7.945008575916290283e-02
-1.286783814430236816e-02
-1.019739955663681030e-01
-1.161893382668495178e-01
-1.128954254090785980e-02
4.464243724942207336e-02
-2.176566123962402344e-01
1.543232649564743042e-01
4.613404348492622375e-02
-8.256553858518600464e-02
-4.678027704358100891e-02
2.026391476392745972e-01
-1.627220213413238525e-01
-8.565149456262588501e-02
1.650317609310150146e-01
-2.549335062503814697e-01
1.981614977121353149e-01
2.086300402879714966e-01
1.031245291233062744e-01
1.337662637233734131e-01
5.073139071464538574e-02
9.604303538799285889e-02
-2.801044285297393799e-02
-3.331564366817474365e-03
-4.858398810029029846e-02
-4.368867725133895874e-02
4.547291249036788940e-02
-9.115550667047500610e-02
1.188005786389112473e-02
2.083285711705684662e-02
