-8.095473051071166992e-02
1.307849586009979248e-01
4.662543535232543945e-02
-4.880773276090621948e-02
-1.128134205937385559e-01
4.048599302768707275e-02
-9.362625330686569214e-02
-2.775818295776844025e-02
1.736208796501159668e-01
-4.589618369936943054e-02
6.300881505012512207e-02
1.997978985309600830e-02
-1.100922599434852600e-01
-2.823909558355808258e-02
-1.112020537257194519e-01
8.581762760877609253e-02
-1.338251978158950806e-01
-1.743681132793426514e-01
-9.557822346687316895e-02
-4.362388700246810913e-02
1.117248274385929108e-02
4.795379936695098877e-02
-3.964786976575851440e-02
6.180599704384803772e-02
-1.218015104532241821e-01
-2.754424214363098145e-01
-3.885794430971145630e-02
-1.148662418127059937e-01
7.814038544893264771e-02
-1.160049661993980408e-01
-7.940700650215148926e-02
-1.673861034214496613e-02
-2.236275523900985718e-01
-5.394709482789039612e-02
-2.392723225057125092e-03
4.947600886225700378e-02
2.184326387941837311e-02
1.695169508457183838e-02
1.065385937690734863e-01
7.183137536048889160e-02
-1.548055410385131836e-01
5.215566605329513550e-02
2.735316939651966095e-02
2.840129733085632324e-01
2.225727140903472900e-01
4.043539240956306458e-02
-3.294931352138519287e-02
-4.105431027710437775e-03
2.027176506817340851e-02
-2.279926240444183350e-01
3.645805269479751587e-02
1.593943685293197632e-01
1.222955211997032166e-01
7.283692806959152222e-02
6.513620167970657349e-02
-1.660719215869903564e-01
2.251083031296730042e-02
2.141651697456836700e-02
-1.615738570690155029e-01
1.157910749316215515e-01
1.919601485133171082e-02
-2.933832071721553802e-02
1.472927536815404892e-02
5.572042427957057953e-03
1.849191486835479736e-01
9.194987267255783081e-02
-4.916850477457046509e-02
-1.618020683526992798e-01
8.985926210880279541e-02
-2.291752845048904419e-01
2.427117340266704559e-02
4.162321239709854126e-02
-2.790570259094238281e-02
-1.054996326565742493e-01
-2.345356196165084839e-01
2.278933487832546234e-02
4.284904301166534424e-01
2.137393355369567871e-01
-2.210498303174972534e-01
2.632897347211837769e-03
-1.162958219647407532e-01
-6.344625353813171387e-02
5.472847074270248413e-02
-2.854474261403083801e-02
-1.422584503889083862e-01
2.724262326955795288e-02
-8.036688715219497681e-02
2.449817582964897156e-02
1.961260885000228882e-01
5.445436388254165649e-02
-1.955180428922176361e-03
1.473460495471954346e-01
2.473197132349014282e-02
-3.890134394168853760e-02
4.297545924782752991e-02
-1.317842490971088409e-02
-9.602970629930496216e-02
-6.411949638277292252e-03
-9.829291701316833496e-02
8.258784189820289612e-03
-9.098931401968002319e-02
-1.267716735601425171e-01
6.701295729726552963e-03
9.889109432697296143e-02
-1.639434993267059326e-01
8.830773085355758667e-02
1.608365960419178009e-02
-9.653143584728240967e-02
-8.964683115482330322e-02
1.436561346054077148e-01
-1.680461764335632324e-01
-8.486888557672500610e-02
2.063350230455398560e-01
-1.948109269142150879e-01
1.934621632099151611e-01
2.088956534862518311e-01
5.508419871330261230e-02
1.136773377656936646e-01
7.500109821557998657e-02
7.377055287361145020e-02
-1.470934227108955383e-02
3.616505488753318787e-02
6.783470977097749710e-03
-8.376476168632507324e-02
-2.493254095315933228e-02
-1.176828294992446899e-01
7.331071794033050537e-02
5.137719959020614624e-02
