-1.312943696975708008e-01
8.534467965364456177e-02
4.804250225424766541e-02
5.893815308809280396e-03
-6.450612097978591919e-02
2.569647878408432007e-02
-3.044250234961509705e-02
-3.979040682315826416e-02
1.444645226001739502e-01
-7.036758959293365479e-02
9.652350842952728271e-02
6.855174899101257324e-03
-1.416272222995758057e-01
-3.960351273417472839e-02
-7.779549062252044678e-02
1.069668009877204895e-01
-1.317197233438491821e-01
-2.100396454334259033e-01
-6.259774416685104370e-02
-5.691762268543243408e-02
4.406280815601348877e-02
4.251071810722351074e-02
-5.555106326937675476e-02
1.120967343449592590e-01
-1.586487293243408203e-01
-3.154595494270324707e-01
-6.553576141595840454e-02
-1.463922858238220215e-01
2.314229309558868408e-02
-1.207208558917045593e-01
-2.706187963485717773e-02
3.119011968374252319e-02
-1.896522641181945801e-01
4.011435806751251221e-02
-1.167810522019863129e-02
3.942330181598663330e-02
7.291541993618011475e-02
4.446694254875183105e-02
1.213477700948715210e-01
5.608786642551422119e-02
-1.491476148366928101e-01
2.284372597932815552e-02
6.437733769416809082e-02
2.845166027545928955e-01
1.388603895902633667e-01
5.219245702028274536e-02
-1.921100728213787079e-02
-3.394125029444694519e-03
2.654729038476943970e-02
-1.984037160873413086e-01
5.231736227869987488e-03
1.491326987743377686e-01
1.351806819438934326e-01
8.988129347562789917e-02
3.388111293315887451e-02
-1.626781970262527466e-01
1.460684835910797119e-02
-2.794138714671134949e-02
-1.616474241018295288e-01
1.321574747562408447e-01
-3.594395145773887634e-02
-5.071954801678657532e-02
-1.530873496085405350e-02
2.321789599955081940e-02
2.402971982955932617e-01
7.666949927806854248e-02
-8.232176303863525391e-02
-1.345912665128707886e-01
1.373032629489898682e-01
-2.324853390455245972e-01
-2.658911049365997314e-02
2.334440127015113831e-02
-5.540996044874191284e-02
-1.093722805380821228e-01
-2.235502898693084717e-01
3.932759538292884827e-02
4.242328107357025146e-01
1.331838220357894897e-01
-2.177902460098266602e-01
6.658959388732910156e-02
-1.263239532709121704e-01
-5.757516250014305115e-02
3.738611703738570213e-03
1.762684062123298645e-02
-1.672900319099426270e-01
3.604725003242492676e-02
-8.236468583345413208e-02
4.403067380189895630e-02
2.210599333047866821e-01
6.118746101856231689e-02
2.878616936504840851e-02
1.704429090023040771e-01
1.540113054215908051e-02
1.017566677182912827e-02
5.247454345226287842e-02
-1.459461636841297150e-02
-6.804014742374420166e-02
-1.163180451840162277e-02
-5.995992943644523621e-02
1.062587648630142212e-02
-6.681514531373977661e-02
-1.159966737031936646e-01
6.226012948900461197e-03
7.818992435932159424e-02
-1.962307393550872803e-01
1.066125482320785522e-01
2.416928298771381378e-02
-8.299433439970016479e-02
-4.667550325393676758e-02
2.224732935428619385e-01
-1.983675360679626465e-01
-1.038083583116531372e-01
1.609562635421752930e-01
-2.338072061538696289e-01
2.026018947362899780e-01
1.960237026214599609e-01
6.148278340697288513e-02
1.153551042079925537e-01
5.073504149913787842e-02
1.083533093333244324e-01
-2.566501870751380920e-02
3.199877589941024780e-02
-4.026518017053604126e-02
-5.950579047203063965e-02
5.958811566233634949e-02
-1.296685039997100830e-01
1.285549812018871307e-02
4.732520133256912231e-02
