-1.531231701374053955e-01
7.556363940238952637e-02
5.979879200458526611e-02
-2.029007300734519958e-02
-7.589721679687500000e-02
2.574228681623935699e-02
-4.361983016133308411e-02
-4.236029088497161865e-02
1.618656963109970093e-01
-5.196942016482353210e-02
1.027564629912376404e-01
-2.156654372811317444e-04
-1.285831332206726074e-01
-3.828307241201400757e-02
-8.606705814599990845e-02
1.054806485772132874e-01
-1.491428017616271973e-01
-2.004589885473251343e-01
-4.666494950652122498e-02
-6.086187809705734253e-02
5.281981825828552246e-02
4.125393554568290710e-02
-4.419586807489395142e-02
1.130474656820297241e-01
-1.665209829807281494e-01
-3.141347169876098633e-01
-5.432412773370742798e-02
-1.467933058738708496e-01
2.666629292070865631e-02
-1.112701296806335449e-01
-1.425767317414283752e-02
4.573792964220046997e-02
-2.201682925224304199e-01
2.305149845778942108e-02
-1.884547807276248932e-02
5.018820613622665405e-02
7.699272781610488892e-02
3.879173099994659424e-02
1.122319325804710388e-01
3.742060065269470215e-02
-1.506474167108535767e-01
-3.838540054857730865e-03
6.639317423105239868e-02
2.512229084968566895e-01
1.598984003067016602e-01
3.287503123283386230e-02
-1.280981861054897308e-02
7.244925945997238159e-04
2.119950763881206512e-02
-2.135240882635116577e-01
9.514927864074707031e-03
1.309262961149215698e-01
1.293467134237289429e-01
8.926659077405929565e-02
3.066051751375198364e-02
-1.591137200593948364e-01
3.618683665990829468e-03
-3.110788017511367798e-02
-1.337736994028091431e-01
1.172475516796112061e-01
-2.874727174639701843e-02
-5.431266129016876221e-02
-1.397127099335193634e-02
1.975447125732898712e-02
2.357542365789413452e-01
8.023365586996078491e-02
-6.469939649105072021e-02
-1.563794910907745361e-01
1.462723314762115479e-01
-2.148632705211639404e-01
-3.840263187885284424e-02
4.310388118028640747e-02
-5.107449740171432495e-02
-9.683693945407867432e-02
-2.427594512701034546e-01
4.669284075498580933e-02
4.359136223793029785e-01
1.177636533975601196e-01
-2.231612950563430786e-01
6.663932651281356812e-02
-1.276752650737762451e-01
-5.216414108872413635e-02
-5.559240467846393585e-03
1.507077738642692566e-02
-1.479520797729492188e-01
4.699382558465003967e-02
-7.714007049798965454e-02
4.182466119527816772e-02
2.286987304687500000e-01
5.489026010036468506e-02
1.347139477729797363e-02
1.626201421022415161e-01
2.219815552234649658e-02
2.085475437343120575e-02
6.525103747844696045e-02
-6.294140126556158066e-03
-4.382633417844772339e-02
1.240205485373735428e-03
-7.429721951484680176e-02
2.361754886806011200e-02
-6.632491201162338257e-02
-7.947432249784469604e-02
1.986197195947170258e-03
8.783704042434692383e-02
-1.771730035543441772e-01
1.070572733879089355e-01
1.950857415795326233e-02
-9.523340314626693726e-02
-6.121560186147689819e-02
2.077419757843017578e-01
-1.845785826444625854e-01
-1.044313907623291016e-01
1.585898697376251221e-01
-2.286217361688613892e-01
1.927675306797027588e-01
1.839451491832733154e-01
6.626906245946884155e-02
1.306662708520889282e-01
4.257494211196899414e-02
1.120953336358070374e-01
-9.265230037271976471e-03
4.901122674345970154e-02
-2.536985464394092560e-02
-5.513984709978103638e-02
6.252478808164596558e-02
-1.276388168334960938e-01
3.376514650881290436e-03
5.772038921713829041e-02
