-1.151942089200019836e-01
6.238107755780220032e-02
2.945698052644729614e-02
-9.671938605606555939e-03
-6.407169252634048462e-02
2.317789010703563690e-02
-5.372616276144981384e-02
-4.687503725290298462e-02
1.233320832252502441e-01
-7.560743391513824463e-02
1.183924451470375061e-01
-2.983995713293552399e-03
-1.534128934144973755e-01
-7.474449276924133301e-02
-9.806104004383087158e-02
1.038448810577392578e-01
-1.549699604511260986e-01
-1.974353939294815063e-01
-4.574964940547943115e-02
-3.246072307229042053e-02
4.346695542335510254e-02
3.055953979492187500e-02
-6.998107582330703735e-02
1.024212911725044250e-01
-1.259471476078033447e-01
-3.105823695659637451e-01
-6.597706675529479980e-02
-1.451551765203475952e-01
5.664317868649959564e-03
-1.305987834930419922e-01
3.201135993003845215e-02
7.204468362033367157e-03
-1.911923140287399292e-01
3.220940753817558289e-02
-6.795476656407117844e-03
5.266476422548294067e-02
5.132399126887321472e-02
3.193018957972526550e-02
1.264697760343551636e-01
7.286226749420166016e-02
-1.436223089694976807e-01
1.352965272963047028e-02
3.569490462541580200e-02
2.867861092090606689e-01
1.335168182849884033e-01
9.115523844957351685e-02
-2.608923614025115967e-02
-4.228009842336177826e-03
5.708306282758712769e-02
-2.213836908340454102e-01
2.606062218546867371e-03
1.581234335899353027e-01
1.136378869414329529e-01
7.916974276304244995e-02
5.099980533123016357e-02
-1.662471890449523926e-01
3.271449357271194458e-02
2.121554687619209290e-03
-1.551517248153686523e-01
1.072522476315498352e-01
-5.246214568614959717e-02
-2.735418081283569336e-02
3.492937237024307251e-02
2.262093126773834229e-02
2.279172837734222412e-01
4.958468303084373474e-02
-7.203954458236694336e-02
-1.146453619003295898e-01
1.486926525831222534e-01
-2.346473187208175659e-01
-4.382845014333724976e-02
3.320232406258583069e-02
-4.785785451531410217e-02
-1.206655949354171753e-01
-2.356009930372238159e-01
2.940900437533855438e-02
4.243752360343933105e-01
1.498328894376754761e-01
-1.866520494222640991e-01
3.793384879827499390e-02
-9.989378601312637329e-02
-5.579005926847457886e-02
1.943159848451614380e-02
1.423247251659631729e-02
-1.386459469795227051e-01
2.840002253651618958e-02
-7.514190673828125000e-02
3.656819462776184082e-03
2.188661545515060425e-01
6.536681950092315674e-02
2.189177647233009338e-02
1.727951467037200928e-01
-5.570266395807266235e-03
4.168205894529819489e-03
5.542450398206710815e-02
-5.434516817331314087e-02
-4.845419526100158691e-02
4.055968020111322403e-03
-4.937360435724258423e-02
1.825620420277118683e-03
-6.973399966955184937e-02
-1.082766130566596985e-01
2.058079652488231659e-02
7.826594263315200806e-02
-1.920208930969238281e-01
9.261301904916763306e-02
9.488985873758792877e-03
-8.148691803216934204e-02
-6.101437658071517944e-02
2.049937248229980469e-01
-1.957557350397109985e-01
-7.529535889625549316e-02
1.753630489110946655e-01
-2.390820086002349854e-01
2.239349633455276489e-01
2.086126953363418579e-01
7.232203334569931030e-02
1.120551005005836487e-01
6.136480718851089478e-02
9.287463128566741943e-02
-4.203509166836738586e-02
4.346402361989021301e-03
-4.690736904740333557e-02
-8.351945877075195312e-02
2.637577801942825317e-02
-1.021327674388885498e-01
2.319757081568241119e-02
2.149512991309165955e-02
