-1.524040549993515015e-01
1.121065393090248108e-01
7.387443631887435913e-02
-4.316759295761585236e-03
-9.962452203035354614e-02
1.685896888375282288e-02
-5.336431041359901428e-02
-2.400166541337966919e-02
1.612528711557388306e-01
-2.871683239936828613e-02
1.179345697164535522e-01
-2.519439160823822021e-02
-1.342658400535583496e-01
-6.661866791546344757e-03
-5.135456845164299011e-02
9.195060282945632935e-02
-1.327074468135833740e-01
-1.858235299587249756e-01
-4.224513471126556396e-02
-3.301605582237243652e-02
3.249276801943778992e-02
2.450128085911273956e-02
-2.358489297330379486e-02
1.251842528581619263e-01
-1.819340884685516357e-01
-2.762432396411895752e-01
-6.558402627706527710e-02
-1.480093747377395630e-01
4.428717866539955139e-02
-1.393343508243560791e-01
-6.428307294845581055e-02
-1.300096325576305389e-02
-2.070257216691970825e-01
4.215268418192863464e-03
-1.585790887475013733e-02
6.002570688724517822e-02
4.495848715305328369e-02
1.229516137391328812e-02
1.498114764690399170e-01
3.917216509580612183e-02
-1.587402373552322388e-01
1.707755401730537415e-02
3.332550451159477234e-02
2.727897763252258301e-01
1.500845104455947876e-01
3.289527446031570435e-02
-7.596248760819435120e-03
2.630354277789592743e-02
2.197709679603576660e-02
-2.142506390810012817e-01
2.871979027986526489e-02
1.849895417690277100e-01
1.409025788307189941e-01
8.207362145185470581e-02
2.170963957905769348e-02
-1.488686203956604004e-01
1.156018488109111786e-02
1.941829733550548553e-02
-1.194754317402839661e-01
1.240894049406051636e-01
2.796442806720733643e-02
-1.276244968175888062e-02
4.791701212525367737e-03
2.376834489405155182e-02
2.466605454683303833e-01
1.279530078172683716e-01
-6.086744368076324463e-02
-1.515984535217285156e-01
1.143783777952194214e-01
-1.951536983251571655e-01
-4.594274237751960754e-02
3.981139883399009705e-02
-9.661651402711868286e-02
-1.073008477687835693e-01
-2.093238532543182373e-01
4.566686227917671204e-02
4.101560413837432861e-01
1.337055414915084839e-01
-2.311801910400390625e-01
4.161925613880157471e-02
-1.234746649861335754e-01
-1.766329072415828705e-02
-1.135088410228490829e-02
2.366603165864944458e-02
-1.605809628963470459e-01
5.769932270050048828e-02
-9.604553878307342529e-02
5.714612081646919250e-02
2.102112472057342529e-01
3.666449710726737976e-02
4.043265432119369507e-02
1.486389636993408203e-01
4.677312821149826050e-02
1.288226619362831116e-02
5.438807234168052673e-02
-3.369233012199401855e-02
-4.548095166683197021e-02
-2.373425103724002838e-02
-5.489391833543777466e-02
2.589574456214904785e-02
-4.535247758030891418e-02
-7.103811204433441162e-02
1.150005124509334564e-02
1.181847080588340759e-01
-1.950535327196121216e-01
1.079892143607139587e-01
1.567627675831317902e-02
-8.790665864944458008e-02
-6.791993975639343262e-02
2.182178050279617310e-01
-1.322824060916900635e-01
-9.873237460851669312e-02
1.541642993688583374e-01
-2.073050737380981445e-01
1.954597085714340210e-01
1.793972402811050415e-01
2.260874398052692413e-02
8.429195731878280640e-02
2.610296010971069336e-02
1.194911748170852661e-01
-1.113556791096925735e-02
8.867985755205154419e-02
-1.762371696531772614e-02
-5.858438834547996521e-02
2.666580304503440857e-02
-1.152042895555496216e-01
2.021375298500061035e-02
5.409872159361839294e-02
