-1.349147707223892212e-01
9.553681313991546631e-02
4.304829612374305725e-02
-1.351865241304039955e-03
-6.697751581668853760e-02
1.831088960170745850e-02
-6.496797502040863037e-02
-4.199182242155075073e-02
1.083520650863647461e-01
-5.025776103138923645e-02
1.243690103292465210e-01
-5.038985982537269592e-03
-1.402119696140289307e-01
-6.394696235656738281e-02
-1.071098074316978455e-01
9.779100120067596436e-02
-1.711742877960205078e-01
-1.818969100713729858e-01
-3.925386816263198853e-02
-3.802514448761940002e-02
3.064399957656860352e-02
2.241164445877075195e-02
-7.350117713212966919e-02
9.540981054306030273e-02
-1.339630633592605591e-01
-3.104627728462219238e-01
-4.244548082351684570e-02
-1.479644328355789185e-01
1.967967674136161804e-02
-1.155538856983184814e-01
1.840170286595821381e-02
-4.803114570677280426e-03
-2.007697671651840210e-01
3.213357552886009216e-02
-1.657212153077125549e-02
5.510202795267105103e-02
5.994375795125961304e-02
3.720767796039581299e-02
1.101061776280403137e-01
6.392973661422729492e-02
-1.228428408503532410e-01
2.968820370733737946e-02
5.335780233144760132e-02
3.029399514198303223e-01
1.492920219898223877e-01
6.883271038532257080e-02
-2.074991725385189056e-02
-1.152216456830501556e-02
6.076331064105033875e-02
-2.470567226409912109e-01
-2.943558618426322937e-03
1.374003738164901733e-01
1.184710189700126648e-01
7.805147767066955566e-02
5.416949838399887085e-02
-1.723430901765823364e-01
3.251797705888748169e-02
-1.096652820706367493e-03
-1.679718941450119019e-01
1.383635401725769043e-01
-3.817205503582954407e-02
-1.426476053893566132e-02
2.142928913235664368e-02
1.507785823196172714e-02
2.467255294322967529e-01
8.400930464267730713e-02
-7.148422300815582275e-02
-1.348764151334762573e-01
1.244826540350914001e-01
-2.319998294115066528e-01
-3.486534953117370605e-02
4.095759987831115723e-02
-1.685283705592155457e-02
-1.222391277551651001e-01
-2.354681193828582764e-01
4.924853146076202393e-02
4.338205456733703613e-01
1.752263009548187256e-01
-2.112494558095932007e-01
3.695921599864959717e-02
-1.229918673634529114e-01
-6.119855120778083801e-02
4.454236477613449097e-02
-6.873433478176593781e-03
-1.415497511625289917e-01
1.417673286050558090e-02
-1.034835204482078552e-01
7.577762007713317871e-04
2.289969772100448608e-01
6.532541662454605103e-02
2.024656720459461212e-02
1.685409396886825562e-01
3.788013011217117310e-03
3.687199205160140991e-04
4.510056227445602417e-02
-4.796392843127250671e-02
-9.285791218280792236e-02
1.635328866541385651e-02
-6.787970662117004395e-02
-1.618727855384349823e-02
-6.967601180076599121e-02
-1.095146238803863525e-01
2.677520364522933960e-02
7.172109931707382202e-02
-1.881738454103469849e-01
9.388012439012527466e-02
1.129991933703422546e-02
-8.311580866575241089e-02
-4.818096384406089783e-02
1.995644569396972656e-01
-1.875815093517303467e-01
-6.545206904411315918e-02
1.747083514928817749e-01
-2.450172454118728638e-01
2.373033314943313599e-01
1.875022053718566895e-01
8.141113072633743286e-02
1.250112503767013550e-01
7.645132392644882202e-02
8.565565943717956543e-02
-3.768437728285789490e-02
2.329660207033157349e-02
-1.639435067772865295e-02
-7.411079108715057373e-02
9.684391319751739502e-03
-1.176020950078964233e-01
2.875101752579212189e-02
2.545206621289253235e-02
