-6.930857151746749878e-02
1.170235872268676758e-01
4.177713021636009216e-02
-1.825693808495998383e-02
-3.637069091200828552e-02
1.382096298038959503e-02
-7.387806475162506104e-02
-4.215566441416740417e-02
1.555226743221282959e-01
-3.673549741506576538e-02
8.372420817613601685e-02
1.752738654613494873e-02
-1.294862776994705200e-01
-1.527856849133968353e-02
-8.987146615982055664e-02
7.863624393939971924e-02
-1.497682482004165649e-01
-1.911893188953399658e-01
-9.789013862609863281e-02
-4.243558645248413086e-02
5.409445613622665405e-02
6.240418553352355957e-02
-7.350426912307739258e-02
8.445014804601669312e-02
-1.415689140558242798e-01
-2.632606327533721924e-01
-4.928684979677200317e-02
-1.354143768548965454e-01
4.503502696752548218e-02
-1.325523853302001953e-01
-3.964866697788238525e-02
-2.054142765700817108e-02
-2.239629179239273071e-01
7.206792011857032776e-03
-2.712302282452583313e-02
4.865324869751930237e-02
7.508321851491928101e-02
1.908600702881813049e-02
8.863896131515502930e-02
6.604008376598358154e-02
-1.416078656911849976e-01
5.498883500695228577e-02
4.666970670223236084e-02
2.441615015268325806e-01
1.960902214050292969e-01
6.957229971885681152e-02
-2.535047754645347595e-02
-3.063302487134933472e-02
2.946781739592552185e-02
-2.452276051044464111e-01
6.194513291120529175e-02
1.310440897941589355e-01
1.119578853249549866e-01
1.063467785716056824e-01
4.347681999206542969e-02
-2.056521028280258179e-01
-1.631130278110504150e-02
9.010458365082740784e-03
-1.687327623367309570e-01
1.397449970245361328e-01
-2.202326059341430664e-02
-1.353191211819648743e-03
-1.651772297918796539e-02
3.064406663179397583e-02
2.024047821760177612e-01
1.173286437988281250e-01
-7.939447462558746338e-02
-1.279217600822448730e-01
1.135694012045860291e-01
-2.455243766307830811e-01
-3.447413817048072815e-02
2.389841154217720032e-02
-1.196479331701993942e-02
-1.058898419141769409e-01
-2.441656440496444702e-01
5.414041504263877869e-02
4.360182881355285645e-01
1.407423764467239380e-01
-2.389848828315734863e-01
4.991418123245239258e-02
-1.093666255474090576e-01
-5.335352569818496704e-02
4.202029481530189514e-02
-2.670705690979957581e-02
-1.530523598194122314e-01
4.315096139907836914e-02
-8.962134271860122681e-02
4.467739537358283997e-02
2.340116649866104126e-01
7.548990100622177124e-02
1.328781247138977051e-02
1.725717335939407349e-01
-1.030970737338066101e-02
-6.377613171935081482e-04
5.632559210062026978e-02
2.988710626959800720e-02
-5.649433284997940063e-02
-1.525041740387678146e-02
-8.973874151706695557e-02
-5.186370573937892914e-03
-3.667886927723884583e-02
-8.582663536071777344e-02
-2.906098030507564545e-02
8.766765892505645752e-02
-1.608704328536987305e-01
9.704688191413879395e-02
3.600552678108215332e-02
-9.568829089403152466e-02
-5.055748671293258667e-02
1.711347103118896484e-01
-1.747446209192276001e-01
-8.306190371513366699e-02
1.990887820720672607e-01
-2.119557410478591919e-01
2.195895761251449585e-01
1.742344647645950317e-01
4.004526510834693909e-02
1.165171861648559570e-01
5.346855893731117249e-02
1.091009825468063354e-01
-4.516049288213253021e-03
1.199731975793838501e-02
-5.414931103587150574e-02
-7.352517545223236084e-02
2.827170491218566895e-02
-8.414588868618011475e-02
3.366760164499282837e-02
6.052677333354949951e-02
