-1.009885072708129883e-01
8.986661583185195923e-02
4.207750037312507629e-02
-7.542166858911514282e-02
-1.253397315740585327e-01
-4.183869808912277222e-02
1.499368250370025635e-02
-8.782493323087692261e-02
2.041383087635040283e-01
2.624990791082382202e-02
2.978723943233489990e-01
-8.143421262502670288e-02
-1.870967894792556763e-01
-1.323981881141662598e-01
-8.107957243919372559e-02
1.696908622980117798e-01
-2.225165963172912598e-01
-1.108626872301101685e-01
3.041506186127662659e-02
-1.678149588406085968e-02
3.449860215187072754e-02
-2.970503456890583038e-02
1.884683966636657715e-02
9.552963823080062866e-02
-1.132850050926208496e-01
-3.240092694759368896e-01
-3.261904418468475342e-02
-9.338346123695373535e-02
3.184603899717330933e-02
-6.194684281945228577e-02
1.394243538379669189e-02
1.386701166629791260e-01
-1.826446652412414551e-01
-1.247145161032676697e-01
5.114010721445083618e-02
4.796040058135986328e-02
-4.460882022976875305e-02
-7.737421244382858276e-02
2.582397460937500000e-01
8.039009757339954376e-03
-1.990930885076522827e-01
2.957517839968204498e-02
4.006173461675643921e-02
3.107903003692626953e-01
8.687897026538848877e-02
4.317406192421913147e-02
1.504227798432111740e-02
-1.014249473810195923e-01
1.375948339700698853e-01
-1.868920326232910156e-01
4.313736781477928162e-02
1.692256629467010498e-01
7.339137792587280273e-02
-5.208069831132888794e-02
2.191794104874134064e-02
-1.660002171993255615e-01
4.126612097024917603e-02
1.522913277149200439e-01
-2.272886633872985840e-01
1.716679334640502930e-02
5.791611969470977783e-02
-8.698660135269165039e-02
7.709537632763385773e-03
-1.105671599507331848e-01
1.473930925130844116e-01
8.557493239641189575e-02
-2.529304288327693939e-02
-1.139695197343826294e-01
1.545621901750564575e-01
-3.607834875583648682e-02
-6.199580430984497070e-02
6.672280281782150269e-02
-1.147384196519851685e-01
-2.007153779268264771e-01
-3.013137578964233398e-01
4.345085471868515015e-02
4.266399741172790527e-01
9.669301658868789673e-02
-1.516892462968826294e-01
3.202423080801963806e-02
-4.174238070845603943e-03
-2.789369784295558929e-02
9.312443435192108154e-02
6.910210102796554565e-02
-1.310750246047973633e-01
-8.836763910949230194e-03
-1.160096526145935059e-01
-1.776311174035072327e-02
1.538145542144775391e-01
1.206655241549015045e-02
-3.755083680152893066e-02
1.713234782218933105e-01
1.250645611435174942e-02
-3.815838601440191269e-03
4.583562910556793213e-02
-3.119316324591636658e-02
-6.392572075128555298e-02
1.128021031618118286e-01
-1.546934843063354492e-01
-2.757357433438301086e-03
7.058122009038925171e-02
-1.036604046821594238e-01
3.329250961542129517e-02
9.865669906139373779e-02
-2.840359508991241455e-01
5.005521327257156372e-02
3.863407298922538757e-02
-6.680232286453247070e-02
-2.514714375138282776e-02
-3.996790619567036629e-04
-7.111534476280212402e-02
1.018003746867179871e-02
1.456719785928726196e-01
-2.575328052043914795e-01
2.181151211261749268e-01
1.604876518249511719e-01
1.158495023846626282e-01
1.863745748996734619e-01
9.902140498161315918e-02
2.408721484243869781e-03
-1.937643438577651978e-02
-6.299547851085662842e-02
-1.190279275178909302e-01
-5.304502695798873901e-02
1.144335716962814331e-01
-3.056064993143081665e-02
1.378810405731201172e-01
3.916783630847930908e-02
