-9.642045199871063232e-02
6.624421477317810059e-02
8.744097501039505005e-02
-4.977070912718772888e-02
-1.134867519140243530e-01
-1.047940924763679504e-02
3.450855240225791931e-02
-5.599493533372879028e-02
1.916018873453140259e-01
7.577843964099884033e-02
2.487142384052276611e-01
-8.160137385129928589e-02
-2.001941800117492676e-01
-1.046938076615333557e-01
-8.445127308368682861e-02
1.668927967548370361e-01
-1.748922467231750488e-01
-1.054713502526283264e-01
2.160314098000526428e-02
-3.347871825098991394e-02
3.615545853972434998e-02
-2.952135540544986725e-02
1.608830131590366364e-02
7.281544804573059082e-02
-1.764724254608154297e-01
-3.421840369701385498e-01
-3.981531783938407898e-02
-7.122026383876800537e-02
-1.457208488136529922e-02
-5.027748271822929382e-02
-2.915246412158012390e-03
1.777476817369461060e-01
-2.258076071739196777e-01
-1.529751420021057129e-01
4.414567351341247559e-02
8.646575361490249634e-02
-6.652911007404327393e-02
-9.291682392358779907e-02
2.291791141033172607e-01
8.194380439817905426e-03
-1.307312846183776855e-01
4.049037396907806396e-02
8.444547653198242188e-02
3.113563358783721924e-01
1.226921975612640381e-01
4.215683043003082275e-02
2.505492419004440308e-02
-3.058866038918495178e-02
1.170572191476821899e-01
-2.231407016515731812e-01
7.401870191097259521e-02
1.629100441932678223e-01
6.794960051774978638e-02
4.111611843109130859e-02
-2.020551636815071106e-02
-1.254816502332687378e-01
4.235684871673583984e-02
2.616920173168182373e-01
-2.831531465053558350e-01
7.771891355514526367e-02
4.345969483256340027e-02
-1.114950105547904968e-01
1.700979657471179962e-02
-6.723250448703765869e-02
1.690746396780014038e-01
1.165254190564155579e-01
-5.232652649283409119e-02
-1.010769382119178772e-01
1.365741938352584839e-01
-3.447093442082405090e-02
-2.116245217621326447e-02
1.015193480998277664e-02
-1.328124850988388062e-01
-2.146766632795333862e-01
-3.063582181930541992e-01
1.208565384149551392e-01
3.796831369400024414e-01
1.114268451929092407e-01
-1.498571932315826416e-01
1.921817846596240997e-02
-3.784691169857978821e-02
-1.407419145107269287e-02
6.970282644033432007e-02
4.085257276892662048e-02
-6.880949437618255615e-02
-6.291403621435165405e-02
-1.101178154349327087e-01
-1.765250787138938904e-02
1.643772125244140625e-01
4.820473864674568176e-02
-3.143744915723800659e-02
2.370794266462326050e-01
2.150202356278896332e-02
-5.428399890661239624e-02
2.074272558093070984e-02
7.149576209485530853e-03
-9.331278502941131592e-02
1.049474477767944336e-01
-1.574250310659408569e-01
-2.194903790950775146e-03
1.538539864122867584e-02
-8.457835763692855835e-02
3.999296575784683228e-02
1.092242151498794556e-01
-2.546992301940917969e-01
6.577817350625991821e-02
2.200278080999851227e-02
-2.255870029330253601e-02
-1.075002737343311310e-02
-4.748428240418434143e-02
-8.847837150096893311e-02
-4.105058312416076660e-02
1.321390420198440552e-01
-2.818920612335205078e-01
1.840165555477142334e-01
1.547675430774688721e-01
9.329798817634582520e-02
1.981427073478698730e-01
8.570448309183120728e-02
1.991135440766811371e-02
3.720021620392799377e-02
-5.168090015649795532e-02
-1.142479106783866882e-01
-1.373183075338602066e-02
1.422917246818542480e-01
-9.450756944715976715e-03
1.000598296523094177e-01
8.355545997619628906e-02
