-9.911604225635528564e-02
7.109046727418899536e-02
3.717385977506637573e-02
-3.422883525490760803e-02
-1.709225922822952271e-01
-4.501166567206382751e-02
3.402735292911529541e-02
-1.036398485302925110e-01
2.089368999004364014e-01
-1.924137584865093231e-03
2.516313195228576660e-01
-4.342789575457572937e-02
-1.752943992614746094e-01
-9.070535749197006226e-02
-7.217557728290557861e-02
1.576900333166122437e-01
-1.939279586076736450e-01
-1.157409474253654480e-01
-8.896641433238983154e-03
-1.754263974726200104e-02
2.836840599775314331e-02
-2.949815988540649414e-02
1.804627291858196259e-02
9.835726022720336914e-02
-6.236901134252548218e-02
-3.164785206317901611e-01
-3.760392218828201294e-02
-7.417134195566177368e-02
9.409060329198837280e-02
-5.253977328538894653e-02
7.695680484175682068e-03
1.495183855295181274e-01
-1.745439916849136353e-01
-1.184670254588127136e-01
5.510783195495605469e-02
4.543497040867805481e-02
-6.167853996157646179e-02
-6.097403913736343384e-02
2.469090670347213745e-01
2.495058812201023102e-02
-2.097329795360565186e-01
3.175723552703857422e-02
2.519700862467288971e-02
3.044472634792327881e-01
8.413611352443695068e-02
7.627870142459869385e-02
7.181134074926376343e-03
-1.192013248801231384e-01
1.634032726287841797e-01
-1.916889101266860962e-01
5.473059415817260742e-02
1.715250611305236816e-01
9.222275018692016602e-02
-4.008087143301963806e-02
5.180900916457176208e-02
-1.734562963247299194e-01
8.325153589248657227e-02
1.226524114608764648e-01
-2.290497571229934692e-01
3.763497620820999146e-02
7.495500892400741577e-02
-1.055372506380081177e-01
2.450738474726676941e-02
-9.076837450265884399e-02
1.501191407442092896e-01
5.957483500242233276e-02
8.286251686513423920e-04
-8.720497786998748779e-02
1.559723168611526489e-01
-5.747395753860473633e-02
-5.736442282795906067e-02
6.356913596391677856e-02
-1.030353531241416931e-01
-1.792117506265640259e-01
-2.950354814529418945e-01
2.965761348605155945e-02
4.606912136077880859e-01
1.213328242301940918e-01
-1.238478496670722961e-01
3.008870035409927368e-02
-1.474522636272013187e-03
-3.998356312513351440e-02
1.000888720154762268e-01
7.837465405464172363e-02
-1.566270887851715088e-01
-4.960152879357337952e-02
-1.226300224661827087e-01
-1.550931017845869064e-02
1.477980315685272217e-01
8.661544881761074066e-03
-1.046587433665990829e-02
1.862219125032424927e-01
4.041930288076400757e-02
7.870858535170555115e-04
2.070898562669754028e-02
-4.014948382973670959e-02
-7.972769439220428467e-02
9.158745408058166504e-02
-1.384527534246444702e-01
-3.234795480966567993e-02
5.769572034478187561e-02
-9.061888605356216431e-02
4.940360784530639648e-02
8.114551752805709839e-02
-2.909118831157684326e-01
5.155614390969276428e-02
2.663666754961013794e-02
-5.215804651379585266e-02
-1.312219351530075073e-02
-1.533130835741758347e-02
-8.607885241508483887e-02
9.893712587654590607e-03
1.195229142904281616e-01
-2.476004660129547119e-01
2.275633513927459717e-01
1.626987159252166748e-01
1.173670366406440735e-01
1.625715345144271851e-01
7.970813661813735962e-02
-7.125776261091232300e-03
-1.457230653613805771e-02
-8.208914846181869507e-02
-1.064019575715065002e-01
-4.979461431503295898e-02
1.261608302593231201e-01
-5.326102301478385925e-02
9.350383281707763672e-02
4.526780545711517334e-02
