-1.125199720263481140e-01
7.861411571502685547e-02
4.496088624000549316e-02
-3.996637463569641113e-02
-1.298711746931076050e-01
-5.305543541908264160e-02
1.094998233020305634e-02
-8.185350149869918823e-02
2.092768102884292603e-01
2.855116501450538635e-02
2.676025927066802979e-01
-5.621865391731262207e-02
-1.647989600896835327e-01
-1.496999412775039673e-01
-4.583479091525077820e-02
1.711438149213790894e-01
-2.235612571239471436e-01
-1.115309000015258789e-01
4.180173948407173157e-02
-2.254007570445537567e-02
2.969270944595336914e-02
-3.553998842835426331e-02
4.965607449412345886e-02
1.098819300532341003e-01
-1.280847489833831787e-01
-3.369279205799102783e-01
-2.875226736068725586e-02
-8.416560292243957520e-02
5.298839509487152100e-02
-7.223194092512130737e-02
1.286371983587741852e-02
1.535295546054840088e-01
-1.875719428062438965e-01
-1.075406894087791443e-01
3.497315943241119385e-02
3.447712957859039307e-02
-4.019683972001075745e-02
-8.716022223234176636e-02
2.688460648059844971e-01
5.353476852178573608e-03
-2.047123312950134277e-01
2.311453223228454590e-02
1.102065108716487885e-02
3.105053901672363281e-01
9.879236668348312378e-02
2.388691157102584839e-02
2.494446188211441040e-02
-7.936334609985351562e-02
1.346148103475570679e-01
-1.873424351215362549e-01
3.373153507709503174e-02
1.707481890916824341e-01
4.967710375785827637e-02
-6.749993562698364258e-02
1.245300378650426865e-02
-1.655978113412857056e-01
4.144334420561790466e-02
1.439750045537948608e-01
-2.298052310943603516e-01
3.917004168033599854e-02
5.059195309877395630e-02
-1.046922504901885986e-01
2.235624007880687714e-02
-8.842054009437561035e-02
1.419870406389236450e-01
8.552480489015579224e-02
-7.352485787123441696e-03
-1.139187589287757874e-01
1.561119556427001953e-01
-4.198529571294784546e-02
-4.049246013164520264e-02
6.443794816732406616e-02
-1.068223267793655396e-01
-2.209118455648422241e-01
-2.996537685394287109e-01
3.621597960591316223e-02
3.991576135158538818e-01
1.085074245929718018e-01
-1.685828715562820435e-01
3.075612336397171021e-02
-9.277587756514549255e-03
-1.930078864097595215e-02
9.931576251983642578e-02
7.251834869384765625e-02
-1.367725878953933716e-01
-2.427233383059501648e-02
-1.394002437591552734e-01
-1.717397570610046387e-02
1.659663319587707520e-01
3.239711374044418335e-02
-4.347377270460128784e-02
1.943740546703338623e-01
3.911332041025161743e-02
-2.147537097334861755e-02
5.160354822874069214e-02
-3.522754833102226257e-02
-6.061749905347824097e-02
1.101716384291648865e-01
-1.588329821825027466e-01
-1.069665886461734772e-03
7.371903955936431885e-02
-1.161356940865516663e-01
3.729271143674850464e-02
9.967514127492904663e-02
-2.834310829639434814e-01
6.999966502189636230e-02
4.515838995575904846e-02
-6.320564448833465576e-02
-3.014628216624259949e-02
1.103957090526819229e-02
-1.001109927892684937e-01
1.067623775452375412e-02
1.350805014371871948e-01
-2.471632361412048340e-01
2.303893119096755981e-01
1.700709611177444458e-01
1.367615908384323120e-01
2.080279439687728882e-01
8.548078685998916626e-02
1.621709018945693970e-02
-2.879436686635017395e-02
-6.499352306127548218e-02
-8.395376056432723999e-02
-4.168197512626647949e-02
1.139772757887840271e-01
-3.656241297721862793e-02
1.377549767494201660e-01
6.020637974143028259e-02
