-1.122694164514541626e-01
7.955829054117202759e-02
6.271109730005264282e-02
-1.583386585116386414e-02
-1.504766345024108887e-01
-7.015663385391235352e-02
5.711991339921951294e-02
-6.479275226593017578e-02
1.808245033025741577e-01
2.769106999039649963e-02
2.812274396419525146e-01
-6.558838486671447754e-02
-1.725312769412994385e-01
-9.688749164342880249e-02
-1.356360968202352524e-02
1.641553938388824463e-01
-1.500734537839889526e-01
-9.594203531742095947e-02
-1.672868989408016205e-02
-2.728060632944107056e-02
2.645787969231605530e-02
-3.666827455163002014e-02
3.785149008035659790e-02
1.186312139034271240e-01
-1.383430063724517822e-01
-3.726123273372650146e-01
-4.635618068277835846e-03
-7.739534974098205566e-02
2.965166419744491577e-02
-8.147907257080078125e-02
4.417662695050239563e-02
1.731323748826980591e-01
-1.822315752506256104e-01
-9.657662361860275269e-02
3.302752599120140076e-02
4.264302179217338562e-02
-2.426015213131904602e-02
-5.336207523941993713e-02
2.768118381500244141e-01
2.730799838900566101e-02
-2.436283230781555176e-01
2.390258014202117920e-02
4.917715489864349365e-02
3.417914807796478271e-01
1.023423150181770325e-01
4.245602339506149292e-02
3.462330251932144165e-02
-7.825529575347900391e-02
1.616737395524978638e-01
-1.887049227952957153e-01
5.183921009302139282e-02
1.317397803068161011e-01
7.962369918823242188e-02
-7.308503240346908569e-02
3.740158677101135254e-02
-1.557743847370147705e-01
5.789631605148315430e-02
1.325987875461578369e-01
-2.452609986066818237e-01
3.537042438983917236e-02
7.061029225587844849e-02
-6.304158270359039307e-02
1.350469142198562622e-02
-1.021350026130676270e-01
1.774424761533737183e-01
5.660541728138923645e-02
-2.986906468868255615e-02
-4.917939752340316772e-02
1.485518515110015869e-01
-5.815013125538825989e-02
-3.797633945941925049e-02
5.707039311528205872e-02
-1.218214407563209534e-01
-2.120559066534042358e-01
-3.223040699958801270e-01
3.752870485186576843e-02
4.381346106529235840e-01
9.673617780208587646e-02
-1.911498904228210449e-01
4.464113153517246246e-03
-1.598517037928104401e-02
-2.864623442292213440e-02
1.182927340269088745e-01
8.298909664154052734e-02
-1.157398074865341187e-01
-5.547668412327766418e-02
-1.195550262928009033e-01
-9.544504806399345398e-03
2.013527899980545044e-01
4.050022363662719727e-02
-1.979992724955081940e-02
2.101578414440155029e-01
5.678407475352287292e-02
-2.698083594441413879e-02
5.146298557519912720e-03
-4.234838858246803284e-02
-9.760163724422454834e-02
9.607411175966262817e-02
-1.628357172012329102e-01
-6.612141616642475128e-03
2.145940251648426056e-02
-9.506269544363021851e-02
2.754537388682365417e-02
9.856529533863067627e-02
-3.548600077629089355e-01
1.017973721027374268e-01
6.238882988691329956e-02
-4.268073290586471558e-02
3.347872290760278702e-03
4.100847244262695312e-02
-1.046917811036109924e-01
-1.641868986189365387e-02
1.186825931072235107e-01
-2.420572340488433838e-01
1.921926587820053101e-01
1.749525815248489380e-01
1.232787966728210449e-01
1.657405942678451538e-01
7.734204828739166260e-02
-7.830720394849777222e-03
5.112495273351669312e-04
-3.849395364522933960e-02
-1.317960023880004883e-01
-1.961216703057289124e-02
1.290611475706100464e-01
-8.685836941003799438e-02
1.025498360395431519e-01
5.922776460647583008e-02
