-9.050062298774719238e-02
7.055246829986572266e-02
2.822740375995635986e-02
-4.001480340957641602e-02
-1.702522784471511841e-01
-5.017667263746261597e-02
2.504252269864082336e-02
-8.794483542442321777e-02
1.696028858423233032e-01
8.693989366292953491e-03
2.642887532711029053e-01
-7.185205817222595215e-02
-1.739136278629302979e-01
-8.694518357515335083e-02
-1.050320714712142944e-01
1.518458724021911621e-01
-1.927846968173980713e-01
-7.076642662286758423e-02
-3.892025351524353027e-02
-1.719931885600090027e-02
-1.212570350617170334e-04
-2.978762052953243256e-02
2.166745811700820923e-02
8.094467222690582275e-02
-4.629270732402801514e-02
-3.198370635509490967e-01
-5.088448151946067810e-02
-1.033372059464454651e-01
1.139229238033294678e-01
-9.818663448095321655e-02
2.110600471496582031e-04
1.121940389275550842e-01
-1.537496000528335571e-01
-1.325196921825408936e-01
4.233943670988082886e-02
2.191109582781791687e-02
-6.700209528207778931e-02
-7.483358681201934814e-02
2.349165081977844238e-01
2.708104997873306274e-02
-1.769065707921981812e-01
5.264887958765029907e-02
4.148044437170028687e-02
3.321179449558258057e-01
9.634549170732498169e-02
7.102450728416442871e-02
2.404651790857315063e-02
-1.203773692250251770e-01
1.519655138254165649e-01
-2.017005681991577148e-01
6.765575706958770752e-02
1.352950930595397949e-01
9.616446495056152344e-02
-3.310039639472961426e-02
6.050164625048637390e-02
-1.241505369544029236e-01
8.651491999626159668e-02
1.199727132916450500e-01
-2.381566017866134644e-01
6.891277432441711426e-02
1.109041720628738403e-01
-6.703572720289230347e-02
-2.714614942669868469e-02
-8.541367948055267334e-02
1.523347944021224976e-01
6.671275943517684937e-02
-6.360798142850399017e-03
-9.759154915809631348e-02
1.704354882240295410e-01
-8.864027261734008789e-02
-6.169476360082626343e-02
4.495779052376747131e-02
-7.633119076490402222e-02
-1.719561964273452759e-01
-2.779466509819030762e-01
3.706312179565429688e-02
4.466606378555297852e-01
1.584688723087310791e-01
-1.331579238176345825e-01
3.957572206854820251e-02
-2.845835871994495392e-02
-4.977228119969367981e-02
9.893993288278579712e-02
6.271884590387344360e-02
-1.388518661260604858e-01
-4.264775663614273071e-02
-1.091629788279533386e-01
-7.467963732779026031e-03
1.427706032991409302e-01
-7.094860076904296875e-03
-2.904593944549560547e-03
1.792550832033157349e-01
5.656844377517700195e-02
-3.560867533087730408e-02
3.297100961208343506e-02
-4.856406152248382568e-02
-9.484323114156723022e-02
6.693971902132034302e-02
-1.413096040487289429e-01
-3.752290084958076477e-02
8.684507012367248535e-02
-1.069495603442192078e-01
3.765404224395751953e-02
6.109665706753730774e-02
-2.900618314743041992e-01
9.852115809917449951e-02
2.781984582543373108e-02
-7.131551951169967651e-02
1.944626122713088989e-02
-3.107100911438465118e-02
-7.346513867378234863e-02
2.811175025999546051e-02
1.524161398410797119e-01
-2.491493821144104004e-01
2.233552783727645874e-01
1.635939031839370728e-01
1.474609524011611938e-01
1.444216966629028320e-01
8.623033761978149414e-02
-1.133993081748485565e-02
1.107443124055862427e-03
-6.593027710914611816e-02
-1.104098930954933167e-01
-7.905818521976470947e-02
9.034600853919982910e-02
-6.327243894338607788e-02
8.188035339117050171e-02
4.071607440710067749e-02
