-1.081615760922431946e-01
7.344576716423034668e-02
7.791677862405776978e-02
-9.848151355981826782e-03
-1.361377835273742676e-01
-5.726647004485130310e-02
4.440990090370178223e-02
-7.664927840232849121e-02
1.831915527582168579e-01
5.817175284028053284e-02
2.710487842559814453e-01
-5.878559872508049011e-02
-1.769060939550399780e-01
-1.228123456239700317e-01
-4.927299171686172485e-02
1.728527694940567017e-01
-1.773606985807418823e-01
-1.194991543889045715e-01
1.148718781769275665e-02
-1.639322377741336823e-02
7.261599414050579071e-03
-3.730984032154083252e-02
4.250361770391464233e-02
9.230978786945343018e-02
-1.129757612943649292e-01
-3.580242693424224854e-01
-1.701569929718971252e-02
-8.624129742383956909e-02
4.259044304490089417e-02
-8.438115566968917847e-02
3.752133250236511230e-02
1.373089700937271118e-01
-1.854240447282791138e-01
-1.105332076549530029e-01
3.534098342061042786e-02
4.528931900858879089e-02
-2.651246637105941772e-02
-9.278391301631927490e-02
2.771090567111968994e-01
1.497700437903404236e-02
-2.272841036319732666e-01
2.929852902889251709e-02
4.008328914642333984e-02
3.399019837379455566e-01
9.276487678289413452e-02
3.862521797418594360e-02
3.105370886623859406e-02
-7.459169626235961914e-02
1.505551636219024658e-01
-1.778284013271331787e-01
5.247263237833976746e-02
1.333594471216201782e-01
7.628803700208663940e-02
-7.027673721313476562e-02
9.718075394630432129e-03
-1.539625078439712524e-01
6.021458655595779419e-02
1.420327425003051758e-01
-2.512232661247253418e-01
3.705451637506484985e-02
7.465074956417083740e-02
-6.916394829750061035e-02
2.820892259478569031e-02
-8.786262571811676025e-02
1.631128489971160889e-01
5.164124816656112671e-02
-1.447449810802936554e-02
-7.272633910179138184e-02
1.546336561441421509e-01
-5.743976309895515442e-02
-3.121904656291007996e-02
5.594039335846900940e-02
-1.033450216054916382e-01
-2.027266621589660645e-01
-3.049417436122894287e-01
3.138313442468643188e-02
4.452656209468841553e-01
9.006592631340026855e-02
-1.832655072212219238e-01
9.278659708797931671e-03
-2.523945085704326630e-02
-2.883636392652988434e-02
9.788890928030014038e-02
7.943399995565414429e-02
-1.149197146296501160e-01
-1.705515012145042419e-02
-1.494862735271453857e-01
-3.697496652603149414e-02
1.993333697319030762e-01
4.828071221709251404e-02
-2.670226618647575378e-02
2.020031511783599854e-01
5.869586765766143799e-02
-3.761254996061325073e-02
3.482679277658462524e-02
-3.773805126547813416e-02
-7.144232094287872314e-02
1.044028699398040771e-01
-1.587412059307098389e-01
-1.995899155735969543e-02
3.065009415149688721e-02
-1.009690240025520325e-01
3.471901640295982361e-02
8.847970515489578247e-02
-3.283866047859191895e-01
9.702292829751968384e-02
6.652051210403442383e-02
-4.074093699455261230e-02
-3.032554872334003448e-03
1.779880747199058533e-02
-8.044540137052536011e-02
-7.480975240468978882e-03
1.433743089437484741e-01
-2.513298690319061279e-01
1.873890459537506104e-01
1.712281703948974609e-01
1.373911052942276001e-01
1.788797527551651001e-01
6.917937844991683960e-02
6.213324144482612610e-03
-2.163293957710266113e-02
-5.758749693632125854e-02
-1.200533136725425720e-01
-3.280890733003616333e-02
9.856217354536056519e-02
-6.920474022626876831e-02
1.322463154792785645e-01
8.456875383853912354e-02
