-9.493836015462875366e-02
7.332800328731536865e-02
1.616142317652702332e-02
-4.634585231542587280e-02
-1.459197103977203369e-01
-3.210757672786712646e-02
2.782250940799713135e-02
-6.672461330890655518e-02
2.019667476415634155e-01
2.919377945363521576e-02
2.638187706470489502e-01
-3.465175628662109375e-02
-1.680968552827835083e-01
-1.186923086643218994e-01
-2.081481739878654480e-02
1.492424309253692627e-01
-1.934378892183303833e-01
-1.397857666015625000e-01
2.723411098122596741e-02
-1.280982419848442078e-02
1.028921734541654587e-02
-1.594368927180767059e-02
3.253572061657905579e-02
8.775248378515243530e-02
-1.183342114090919495e-01
-3.540352582931518555e-01
-4.555423744022846222e-03
-7.950072735548019409e-02
4.935022071003913879e-02
-5.221121758222579956e-02
2.483542636036872864e-02
1.689988225698471069e-01
-2.055124491453170776e-01
-1.171422675251960754e-01
6.701549887657165527e-02
5.640391260385513306e-02
-4.113928228616714478e-02
-7.330485433340072632e-02
2.712286114692687988e-01
2.497647702693939209e-02
-2.282090783119201660e-01
6.707635242491960526e-03
2.310005575418472290e-02
3.327060341835021973e-01
1.007489264011383057e-01
1.261825673282146454e-02
2.507016435265541077e-02
-6.769766658544540405e-02
1.481375694274902344e-01
-1.688703298568725586e-01
3.446397557854652405e-02
1.595902591943740845e-01
9.608417749404907227e-02
-7.368838787078857422e-02
-6.516566500067710876e-03
-1.558343619108200073e-01
6.331135332584381104e-02
1.086799949407577515e-01
-2.376553714275360107e-01
2.548276633024215698e-02
6.806806474924087524e-02
-9.151200950145721436e-02
3.105087019503116608e-02
-1.047658845782279968e-01
1.612986922264099121e-01
2.524806931614875793e-02
-1.823410019278526306e-02
-1.170244216918945312e-01
1.415195763111114502e-01
-4.875093698501586914e-02
-4.772789031267166138e-02
9.165958315134048462e-02
-1.331479847431182861e-01
-2.138009369373321533e-01
-3.057624399662017822e-01
1.039732433855533600e-02
4.305869638919830322e-01
8.657660335302352905e-02
-1.508788764476776123e-01
2.807062119245529175e-02
-4.540530033409595490e-03
-5.496785789728164673e-02
8.000481128692626953e-02
1.001836806535720825e-01
-1.014433056116104126e-01
-1.037983410060405731e-02
-1.297442764043807983e-01
-3.430974669754505157e-03
2.210874557495117188e-01
3.282858431339263916e-02
-7.347533106803894043e-02
1.765974164009094238e-01
2.692770957946777344e-02
-9.443359449505805969e-04
3.368572518229484558e-02
-2.235616929829120636e-02
-4.540970176458358765e-02
1.000012010335922241e-01
-1.475708782672882080e-01
-1.591437030583620071e-03
1.845649257302284241e-02
-1.130151599645614624e-01
1.744583249092102051e-02
1.235192269086837769e-01
-2.953562736511230469e-01
9.495685994625091553e-02
3.915898129343986511e-02
-2.339527197182178497e-02
-2.644349262118339539e-02
3.944701515138149261e-03
-8.362933993339538574e-02
-8.276216685771942139e-03
1.320391297340393066e-01
-2.442072629928588867e-01
1.980943232774734497e-01
1.711418628692626953e-01
1.481596082448959351e-01
1.686497032642364502e-01
6.075207889080047607e-02
-2.885496988892555237e-02
-1.659874618053436279e-02
-4.954630509018898010e-02
-1.569511890411376953e-01
-4.956443980336189270e-02
8.441860973834991455e-02
-6.367482990026473999e-02
1.397157162427902222e-01
6.541066616773605347e-02
