-1.176736131310462952e-01
8.123452961444854736e-02
6.432853639125823975e-02
-3.272967413067817688e-02
-1.080254763364791870e-01
-7.414700835943222046e-02
2.342537045478820801e-02
-1.073689907789230347e-01
2.116453796625137329e-01
1.557761617004871368e-02
2.724024951457977295e-01
-3.172179684042930603e-02
-1.436291486024856567e-01
-1.490904539823532104e-01
-2.541409246623516083e-02
1.543857455253601074e-01
-1.968290507793426514e-01
-1.346347928047180176e-01
4.647243022918701172e-02
-2.836120687425136566e-02
1.856689527630805969e-02
-4.395991936326026917e-02
5.981678143143653870e-02
1.249196678400039673e-01
-1.326522678136825562e-01
-3.116937875747680664e-01
-4.196101054549217224e-02
-6.833841651678085327e-02
6.979048252105712891e-02
-5.549679696559906006e-02
1.483551692217588425e-02
1.408293992280960083e-01
-2.104506790637969971e-01
-1.185218095779418945e-01
5.810571461915969849e-02
5.071987956762313843e-02
-2.509750798344612122e-02
-8.761359006166458130e-02
2.726597189903259277e-01
1.480296906083822250e-02
-2.046317011117935181e-01
1.346263475716114044e-02
2.480139210820198059e-02
3.152839243412017822e-01
8.692757785320281982e-02
2.948038652539253235e-02
2.577177062630653381e-02
-8.962848782539367676e-02
1.559769064188003540e-01
-1.458980441093444824e-01
4.536615684628486633e-02
1.529432535171508789e-01
6.455462425947189331e-02
-8.745446801185607910e-02
2.920704707503318787e-02
-1.773977577686309814e-01
4.109148681163787842e-02
1.400565505027770996e-01
-2.093397825956344604e-01
5.061492323875427246e-02
4.054768010973930359e-02
-8.164651691913604736e-02
2.397709712386131287e-02
-8.686861395835876465e-02
1.433722823858261108e-01
6.529016792774200439e-02
-1.583188585937023163e-02
-1.173751428723335266e-01
1.778137385845184326e-01
-3.039808012545108795e-02
-3.610594943165779114e-02
9.712473303079605103e-02
-1.059131026268005371e-01
-1.928827464580535889e-01
-2.882622480392456055e-01
1.578806340694427490e-02
4.390203952789306641e-01
7.199070602655410767e-02
-1.656561344861984253e-01
2.867566049098968506e-02
-1.953269168734550476e-02
-4.091804847121238708e-02
8.016686141490936279e-02
9.934223443269729614e-02
-1.308093965053558350e-01
-1.055751461535692215e-02
-1.358727216720581055e-01
-2.615293860435485840e-02
1.914043724536895752e-01
6.730256974697113037e-02
-4.756972566246986389e-02
1.914408951997756958e-01
3.124869242310523987e-02
-7.702382281422615051e-03
3.874127194285392761e-02
-3.786382451653480530e-02
-7.990131527185440063e-02
1.097395271062850952e-01
-1.652143597602844238e-01
-3.187660127878189087e-02
4.539006948471069336e-02
-9.527617692947387695e-02
2.632061950862407684e-02
1.219635233283042908e-01
-3.039118647575378418e-01
6.014906615018844604e-02
6.355540454387664795e-02
-4.660828411579132080e-02
-2.282877266407012939e-02
4.419568181037902832e-02
-1.047565117478370667e-01
-6.569270044565200806e-03
1.033577993512153625e-01
-2.661562860012054443e-01
2.074088603258132935e-01
1.620678305625915527e-01
1.344065368175506592e-01
1.706954538822174072e-01
7.834127545356750488e-02
1.943219453096389771e-03
4.330541472882032394e-03
-5.898945033550262451e-02
-9.233086556196212769e-02
-4.416285827755928040e-02
9.435312449932098389e-02
-6.790465116500854492e-02
1.351388692855834961e-01
5.871829390525817871e-02
