-1.251434683799743652e-01
6.498265266418457031e-02
5.507383868098258972e-02
-4.703678935766220093e-02
-1.451894789934158325e-01
-4.158249497413635254e-02
2.907509356737136841e-02
-9.086259454488754272e-02
1.976076066493988037e-01
4.050979390740394592e-02
2.843511998653411865e-01
-5.229734256863594055e-02
-1.852973848581314087e-01
-1.261833906173706055e-01
-4.630929231643676758e-02
1.721574515104293823e-01
-2.034076303243637085e-01
-1.412535607814788818e-01
3.391761332750320435e-02
-5.596840381622314453e-02
1.494728401303291321e-02
-2.388554811477661133e-02
2.051363885402679443e-02
8.781179040670394897e-02
-1.120026335120201111e-01
-3.477939963340759277e-01
-5.845303647220134735e-03
-9.183105081319808960e-02
1.528108213096857071e-02
-5.687789618968963623e-02
2.650280669331550598e-02
1.367245763540267944e-01
-2.112331390380859375e-01
-1.204151362180709839e-01
5.810344964265823364e-02
7.713153958320617676e-02
-3.254865482449531555e-02
-7.696608453989028931e-02
2.445832192897796631e-01
2.942248247563838959e-03
-2.091430425643920898e-01
2.145767211914062500e-02
4.651513323187828064e-02
3.181669712066650391e-01
8.277740329504013062e-02
3.432197496294975281e-02
1.815169677138328552e-02
-8.574551343917846680e-02
1.336608678102493286e-01
-1.681489050388336182e-01
4.646120220422744751e-02
1.542715281248092651e-01
7.232376188039779663e-02
-7.729109376668930054e-02
-1.128407102078199387e-02
-1.616404354572296143e-01
3.484168276190757751e-02
1.498730182647705078e-01
-2.321237027645111084e-01
2.986876666545867920e-02
9.055726230144500732e-02
-9.262810647487640381e-02
-6.348434835672378540e-04
-1.168139278888702393e-01
1.736360788345336914e-01
7.014685124158859253e-02
-3.010915219783782959e-02
-1.097290143370628357e-01
1.412466317415237427e-01
-4.082667827606201172e-02
-6.809189915657043457e-02
6.315222382545471191e-02
-1.256463378667831421e-01
-2.133857011795043945e-01
-3.049226999282836914e-01
3.736613690853118896e-02
4.596113562583923340e-01
7.991844415664672852e-02
-1.615087538957595825e-01
2.111756801605224609e-02
-2.699435874819755554e-02
-4.052593838423490524e-03
1.076500266790390015e-01
8.087962120771408081e-02
-9.568952769041061401e-02
5.177590064704418182e-03
-1.344436854124069214e-01
-1.658952794969081879e-02
1.907533407211303711e-01
4.524168372154235840e-02
-6.021859496831893921e-02
1.822169870138168335e-01
2.300316095352172852e-02
2.610144205391407013e-03
3.614199906587600708e-02
-2.774008736014366150e-02
-4.016960412263870239e-02
1.056097075343132019e-01
-1.682630777359008789e-01
-2.445345371961593628e-02
2.193084731698036194e-02
-8.949797600507736206e-02
3.710606694221496582e-02
8.934555202722549438e-02
-2.934838235378265381e-01
6.515099108219146729e-02
5.510983243584632874e-02
-2.378465235233306885e-02
-2.094112895429134369e-02
1.008685957640409470e-02
-7.127839326858520508e-02
-6.005945615470409393e-03
1.389260739088058472e-01
-2.714675068855285645e-01
2.047107666730880737e-01
1.799424290657043457e-01
1.412487030029296875e-01
1.966555118560791016e-01
8.090026676654815674e-02
-1.043401099741458893e-02
-1.606161892414093018e-02
-7.291752845048904419e-02
-1.516958475112915039e-01
-2.867223694920539856e-02
9.574650228023529053e-02
-4.451160505414009094e-02
1.527787595987319946e-01
7.732018828392028809e-02
