-1.933598369359970093e-01
8.484239876270294189e-02
1.162524223327636719e-01
2.514342404901981354e-02
-1.593978609889745712e-03
-8.886853605508804321e-02
5.533226579427719116e-02
-6.481107324361801147e-02
9.704433381557464600e-02
-3.821877762675285339e-02
2.313973456621170044e-01
9.390076622366905212e-03
-2.249040305614471436e-01
-1.253594309091567993e-01
1.159192696213722229e-01
9.463460743427276611e-02
-1.144612506031990051e-01
-1.149110794067382812e-01
-1.280785650014877319e-01
-1.344230473041534424e-01
-3.003049455583095551e-02
9.940065443515777588e-02
-1.098053902387619019e-02
5.354351550340652466e-02
-4.630730301141738892e-02
-2.363358438014984131e-01
-6.950402259826660156e-02
-2.323050498962402344e-01
1.029986292123794556e-01
-6.033335626125335693e-02
5.726882442831993103e-02
3.552072495222091675e-02
-1.545815020799636841e-01
-3.034145571291446686e-02
-5.507687106728553772e-02
-1.255758944898843765e-02
5.493009835481643677e-02
-1.213221903890371323e-02
1.926414370536804199e-01
-3.320215269923210144e-03
-1.669185459613800049e-01
-6.654483824968338013e-02
-7.709173858165740967e-02
2.638187110424041748e-01
1.084651425480842590e-01
-1.753650233149528503e-02
6.765414029359817505e-03
1.201770920306444168e-02
5.499837920069694519e-02
-1.878117024898529053e-01
3.528081253170967102e-02
9.238439053297042847e-02
1.484115272760391235e-01
1.681483350694179535e-02
-5.369901284575462341e-02
-2.049046009778976440e-01
-1.780280098319053650e-02
-1.497304346412420273e-02
-2.263710349798202515e-01
6.786260753870010376e-02
7.593513280153274536e-02
-1.800797283649444580e-01
-1.339393258094787598e-01
-3.494752198457717896e-02
2.449135333299636841e-01
7.325270771980285645e-02
-9.540933370590209961e-02
-1.570916771888732910e-01
1.978723853826522827e-01
-1.582058221101760864e-01
-1.507320441305637360e-02
1.645315438508987427e-01
-1.378676593303680420e-01
-7.581757754087448120e-02
-2.411584556102752686e-01
1.157321333885192871e-01
3.304000794887542725e-01
5.684178322553634644e-02
-1.684417128562927246e-01
5.740794353187084198e-03
-2.428711354732513428e-01
4.416490346193313599e-02
-3.658980503678321838e-02
4.012016952037811279e-02
-6.856647133827209473e-02
1.299248356372117996e-02
-9.908263385295867920e-02
-8.726503700017929077e-03
1.382015198469161987e-01
-3.619159013032913208e-02
-3.146902471780776978e-02
2.190756201744079590e-01
1.235006749629974365e-02
2.654807269573211670e-02
-6.878260057419538498e-03
-6.872592121362686157e-02
3.621981292963027954e-02
-9.110621362924575806e-02
-1.072838529944419861e-02
-3.578122705221176147e-04
6.231296062469482422e-02
-1.013176590204238892e-01
1.456498354673385620e-02
6.693376600742340088e-02
-1.906071454286575317e-01
1.600440889596939087e-01
3.757007047533988953e-02
2.488012239336967468e-02
4.386034980416297913e-02
4.381089285016059875e-02
-8.149963617324829102e-02
-7.831878960132598877e-02
2.185372710227966309e-01
-1.910306662321090698e-01
2.042187899351119995e-01
1.656709015369415283e-01
6.565864384174346924e-02
1.213307082653045654e-01
2.046025544404983521e-02
1.203757598996162415e-01
-1.143636777997016907e-01
-4.447887465357780457e-02
-2.105884104967117310e-01
-2.873328514397144318e-02
1.377196460962295532e-01
-4.003099352121353149e-02
2.266960218548774719e-04
6.938592344522476196e-02
