-1.835064440965652466e-01
7.586470246315002441e-02
7.038398087024688721e-02
1.545979361981153488e-02
-1.113506685942411423e-02
-7.399705052375793457e-02
7.377461344003677368e-02
-7.356090843677520752e-02
1.043416783213615417e-01
-7.045341283082962036e-02
1.980465501546859741e-01
-8.319937624037265778e-03
-2.238384187221527100e-01
-1.359331905841827393e-01
1.301749348640441895e-01
7.211797684431076050e-02
-1.342720836400985718e-01
-1.535006761550903320e-01
-1.170734018087387085e-01
-1.023245006799697876e-01
-1.719354093074798584e-02
6.470046937465667725e-02
-1.436313148587942123e-02
5.183088406920433044e-02
-6.273858249187469482e-02
-2.586520612239837646e-01
-8.169063925743103027e-02
-2.218122631311416626e-01
1.277894824743270874e-01
-3.864669054746627808e-02
4.226839542388916016e-02
5.080523714423179626e-02
-1.690238416194915771e-01
-2.790614776313304901e-02
-4.702178388833999634e-02
5.733408033847808838e-05
5.116821080446243286e-02
5.347555503249168396e-03
1.997636556625366211e-01
-1.388733834028244019e-02
-1.826785802841186523e-01
-6.791020929813385010e-02
-5.609624087810516357e-02
2.476623952388763428e-01
1.289885640144348145e-01
-1.520073134452104568e-02
-1.735590025782585144e-02
2.156964689493179321e-02
5.672587454319000244e-02
-2.057980000972747803e-01
4.226025938987731934e-02
1.119922846555709839e-01
1.481930613517761230e-01
4.006685689091682434e-02
-4.309212416410446167e-02
-2.053937762975692749e-01
-8.759023621678352356e-03
-1.351632084697484970e-02
-2.304158508777618408e-01
6.944043189287185669e-02
6.594298034906387329e-02
-1.822585165500640869e-01
-1.282129883766174316e-01
-1.760965771973133087e-02
2.398863434791564941e-01
6.994524598121643066e-02
-8.423490822315216064e-02
-1.789062321186065674e-01
2.193721681833267212e-01
-1.821558624505996704e-01
3.275081980973482132e-03
1.738962233066558838e-01
-1.362630426883697510e-01
-7.350844889879226685e-02
-2.273474186658859253e-01
1.169964298605918884e-01
3.191427588462829590e-01
7.758980989456176758e-02
-1.343988329172134399e-01
1.439951825886964798e-02
-2.264527231454849243e-01
3.271271660923957825e-02
-3.281038254499435425e-02
3.115105442702770233e-02
-7.123701274394989014e-02
-1.222856435924768448e-02
-9.956972301006317139e-02
4.231836646795272827e-04
1.326772123575210571e-01
-3.087486326694488525e-02
-2.316842041909694672e-02
2.184937745332717896e-01
9.827833622694015503e-03
3.269333392381668091e-02
3.918293397873640060e-03
-6.327031552791595459e-02
3.325419127941131592e-02
-8.985440433025360107e-02
-2.695879712700843811e-02
4.066022112965583801e-03
6.542859226465225220e-02
-1.163467168807983398e-01
1.179447025060653687e-02
1.006223708391189575e-01
-1.765245944261550903e-01
1.385991275310516357e-01
1.456114463508129120e-02
2.086788415908813477e-02
4.492998495697975159e-02
4.051351547241210938e-02
-7.551220804452896118e-02
-9.039900451898574829e-02
1.876914501190185547e-01
-2.066724747419357300e-01
2.047558575868606567e-01
1.683624535799026489e-01
5.644563585519790649e-02
1.050686985254287720e-01
8.251829072833061218e-03
1.088617146015167236e-01
-9.378201514482498169e-02
-4.438712447881698608e-02
-2.257611155509948730e-01
-2.525097131729125977e-02
1.304773390293121338e-01
-3.925073891878128052e-02
-3.390090167522430420e-02
5.802021548151969910e-02
