-1.992572396993637085e-01
9.031617641448974609e-02
8.988649398088455200e-02
3.781630098819732666e-02
-1.560759544372558594e-02
-8.519996702671051025e-02
7.471341639757156372e-02
-4.840026795864105225e-02
9.182784706354141235e-02
-4.763899371027946472e-02
2.189520746469497681e-01
-2.141804434359073639e-03
-2.473550736904144287e-01
-1.237298920750617981e-01
1.108542531728744507e-01
9.168779104948043823e-02
-1.140458732843399048e-01
-1.238345131278038025e-01
-1.247068867087364197e-01
-9.503096342086791992e-02
-2.202693000435829163e-02
7.403816282749176025e-02
5.806807428598403931e-03
5.971335247159004211e-02
-5.633628368377685547e-02
-2.463029474020004272e-01
-5.836836248636245728e-02
-2.410932183265686035e-01
9.773965924978256226e-02
-6.246174499392509460e-02
3.098837658762931824e-02
5.705932900309562683e-02
-1.430461108684539795e-01
-6.162149459123611450e-02
-4.135926440358161926e-02
5.017381161451339722e-03
4.652232676744461060e-02
1.103920582681894302e-02
2.251554429531097412e-01
-1.078744698315858841e-02
-1.714556664228439331e-01
-8.977234363555908203e-02
-6.308998167514801025e-02
2.835132181644439697e-01
1.268641203641891479e-01
-2.803459949791431427e-02
1.186330895870923996e-02
2.536796405911445618e-02
7.668711990118026733e-02
-2.069543600082397461e-01
4.191935062408447266e-02
8.429112285375595093e-02
1.612604707479476929e-01
4.404178634285926819e-02
-5.551331490278244019e-02
-2.149959802627563477e-01
-1.416562870144844055e-02
5.156284198164939880e-03
-2.228682786226272583e-01
8.849978446960449219e-02
6.580193340778350830e-02
-1.858342438936233521e-01
-1.348628252744674683e-01
-2.362760156393051147e-02
2.328840643167495728e-01
5.378288030624389648e-02
-8.743923157453536987e-02
-1.575134843587875366e-01
2.207430899143218994e-01
-1.574177145957946777e-01
3.672270104289054871e-04
1.689183115959167480e-01
-1.523498743772506714e-01
-8.172126859426498413e-02
-2.189180701971054077e-01
9.661538153886795044e-02
3.072117865085601807e-01
6.082028895616531372e-02
-1.437954604625701904e-01
-1.372716389596462250e-03
-2.152818441390991211e-01
1.537582650780677795e-02
-6.277895718812942505e-02
4.657179489731788635e-02
-5.902020260691642761e-02
1.689208112657070160e-02
-8.849346637725830078e-02
1.593580842018127441e-02
1.332349628210067749e-01
-4.167165234684944153e-02
-2.571331523358821869e-02
2.154059410095214844e-01
1.041662879288196564e-02
2.782381698489189148e-02
1.768728718161582947e-02
-5.841589346528053284e-02
3.066910989582538605e-02
-8.386734873056411743e-02
-4.097560793161392212e-02
6.045828573405742645e-03
6.767103075981140137e-02
-1.447491645812988281e-01
1.396745536476373672e-02
6.222196295857429504e-02
-1.873081475496292114e-01
1.528417319059371948e-01
1.472535543143749237e-02
4.823590070009231567e-02
3.140786662697792053e-02
1.744498126208782196e-02
-8.442986756563186646e-02
-5.445450544357299805e-02
2.279556989669799805e-01
-1.661736071109771729e-01
2.142541855573654175e-01
1.701772660017013550e-01
5.990574881434440613e-02
1.069024279713630676e-01
1.664451509714126587e-02
9.250026941299438477e-02
-8.215893059968948364e-02
-3.986626118421554565e-02
-2.289617508649826050e-01
-2.856217138469219208e-02
1.434242874383926392e-01
-4.419265314936637878e-02
-3.284286707639694214e-03
6.203028932213783264e-02
