-1.854761242866516113e-01
1.131810396909713745e-01
6.239808350801467896e-02
3.001317940652370453e-02
-2.835323102772235870e-02
-8.870609849691390991e-02
8.888283371925354004e-02
-8.475831151008605957e-02
1.052068248391151428e-01
-7.830480486154556274e-02
1.908378750085830688e-01
2.460889518260955811e-04
-1.952376663684844971e-01
-1.375060826539993286e-01
1.106083169579505920e-01
8.598307520151138306e-02
-1.367352753877639771e-01
-1.518537253141403198e-01
-1.336558461189270020e-01
-8.404063433408737183e-02
-3.237045183777809143e-02
5.500005930662155151e-02
2.744180336594581604e-02
4.851646348834037781e-02
-6.970854848623275757e-02
-2.339955419301986694e-01
-4.606356099247932434e-02
-1.911079287528991699e-01
1.290101408958435059e-01
-3.472949191927909851e-02
6.464888155460357666e-02
5.215625837445259094e-02
-2.038727551698684692e-01
-4.774651676416397095e-02
-4.136386513710021973e-02
2.117079310119152069e-02
2.757341042160987854e-02
2.885983511805534363e-02
2.071023583412170410e-01
-8.425256237387657166e-03
-1.667028367519378662e-01
-8.834795653820037842e-02
-4.049946367740631104e-02
2.646888494491577148e-01
1.558669358491897583e-01
-1.969051547348499298e-02
-2.039004303514957428e-02
9.833900257945060730e-03
7.403197884559631348e-02
-2.181671261787414551e-01
2.664088644087314606e-02
7.153774052858352661e-02
1.333051919937133789e-01
6.024029850959777832e-02
-2.734938263893127441e-02
-1.966139078140258789e-01
3.292949870228767395e-03
1.015199720859527588e-02
-1.899066120386123657e-01
6.222945451736450195e-02
6.031903997063636780e-02
-1.682908385992050171e-01
-1.212375611066818237e-01
-3.391724452376365662e-02
2.628812789916992188e-01
4.122098907828330994e-02
-7.318879663944244385e-02
-1.317253261804580688e-01
2.265958935022354126e-01
-1.565713286399841309e-01
-4.760246258229017258e-03
1.572064161300659180e-01
-1.027746722102165222e-01
-5.162183567881584167e-02
-2.496079504489898682e-01
8.461940288543701172e-02
3.152244687080383301e-01
9.567850828170776367e-02
-1.192478761076927185e-01
-7.923417724668979645e-03
-1.979143023490905762e-01
5.188644304871559143e-02
-5.215162411332130432e-02
2.650956995785236359e-02
-9.384989738464355469e-02
-1.807137392461299896e-03
-8.262603729963302612e-02
9.467358700931072235e-03
1.284377276897430420e-01
-2.066928148269653320e-02
-3.742864727973937988e-02
1.976135224103927612e-01
9.120861999690532684e-03
2.464326471090316772e-02
6.606120616197586060e-03
-9.546430408954620361e-02
2.067684195935726166e-02
-8.599907159805297852e-02
-6.902941316366195679e-02
-6.932240910828113556e-03
4.388319328427314758e-02
-1.303218603134155273e-01
2.518665045499801636e-02
1.010934635996818542e-01
-1.753029823303222656e-01
1.342808902263641357e-01
1.811623200774192810e-02
2.977195382118225098e-02
4.001256823539733887e-02
6.221440806984901428e-02
-8.210407197475433350e-02
-6.595739722251892090e-02
1.650081723928451538e-01
-1.874324977397918701e-01
2.393471896648406982e-01
1.637488752603530884e-01
3.485667705535888672e-02
1.109399944543838501e-01
2.477374486625194550e-02
1.134529411792755127e-01
-9.808458387851715088e-02
-3.693104721605777740e-03
-1.714087724685668945e-01
-4.222389683127403259e-02
1.263216882944107056e-01
-4.475748538970947266e-02
1.285045314580202103e-02
6.358481198549270630e-02
