-1.937922686338424683e-01
1.141384467482566833e-01
8.513991534709930420e-02
5.146337300539016724e-02
-4.597300291061401367e-02
-7.580680400133132935e-02
7.145351171493530273e-02
-5.448900535702705383e-02
9.473158419132232666e-02
-4.937212541699409485e-02
2.091064602136611938e-01
-5.320418626070022583e-03
-2.260833531618118286e-01
-1.246006637811660767e-01
1.116501688957214355e-01
9.257801622152328491e-02
-1.410349905490875244e-01
-1.435390263795852661e-01
-1.222244054079055786e-01
-9.820175170898437500e-02
-1.134182792156934738e-02
4.382768645882606506e-02
-3.905948996543884277e-02
4.007594287395477295e-02
-5.402006581425666809e-02
-2.368112802505493164e-01
-6.575374305248260498e-02
-1.960813403129577637e-01
1.384332031011581421e-01
-7.208681106567382812e-02
4.923762753605842590e-02
2.566235512495040894e-02
-1.688267886638641357e-01
-4.509732127189636230e-02
-4.966010153293609619e-02
-1.861136406660079956e-04
5.664588510990142822e-02
7.601374760270118713e-03
1.806701421737670898e-01
-2.726025506854057312e-02
-1.752931177616119385e-01
-6.174068897962570190e-02
-5.298629775643348694e-02
2.458584755659103394e-01
1.436516344547271729e-01
3.846540814265608788e-03
-3.369555994868278503e-02
2.641990222036838531e-02
6.219493970274925232e-02
-2.295794486999511719e-01
2.338197641074657440e-02
1.038461625576019287e-01
1.256886720657348633e-01
5.539218336343765259e-02
-5.779046565294265747e-02
-2.128242999315261841e-01
-2.003304101526737213e-02
1.994743198156356812e-02
-2.245812118053436279e-01
5.042207241058349609e-02
6.040656566619873047e-02
-1.977942138910293579e-01
-1.298574656248092651e-01
-2.618075720965862274e-02
2.320789992809295654e-01
6.952631473541259766e-02
-7.160837203264236450e-02
-1.671508401632308960e-01
2.268684357404708862e-01
-1.752892583608627319e-01
-4.011967219412326813e-03
1.358437240123748779e-01
-1.111434325575828552e-01
-6.170601397752761841e-02
-2.455895990133285522e-01
1.404060274362564087e-01
3.341111838817596436e-01
8.383795619010925293e-02
-1.231368482112884521e-01
1.250027213245630264e-02
-1.994026005268096924e-01
4.463055729866027832e-02
-5.851814895868301392e-02
1.574617624282836914e-02
-8.203569054603576660e-02
-2.981625869870185852e-02
-9.801003336906433105e-02
5.163755267858505249e-04
1.175766140222549438e-01
-2.816271223127841949e-02
9.340123273432254791e-03
2.020394057035446167e-01
4.452029243111610413e-03
3.026899695396423340e-02
3.256001975387334824e-03
-6.972458213567733765e-02
2.993876300752162933e-02
-8.301252126693725586e-02
-2.919106930494308472e-02
8.030822500586509705e-04
6.456240266561508179e-02
-1.303091198205947876e-01
2.944817952811717987e-02
9.909617155790328979e-02
-1.767782568931579590e-01
1.239833310246467590e-01
1.381840649992227554e-02
2.462947182357311249e-02
3.529277443885803223e-02
4.208368808031082153e-02
-6.314698606729507446e-02
-6.818239390850067139e-02
1.938345134258270264e-01
-1.941204369068145752e-01
2.408669292926788330e-01
1.831883490085601807e-01
4.516104608774185181e-02
1.091002523899078369e-01
2.334433048963546753e-02
1.142020523548126221e-01
-8.466772735118865967e-02
-3.607366979122161865e-02
-2.002821713685989380e-01
-3.388543799519538879e-02
1.223191991448402405e-01
-5.930008366703987122e-02
-3.876931592822074890e-02
6.261768192052841187e-02
