-1.922383904457092285e-01
1.115341037511825562e-01
7.541774213314056396e-02
2.711864747107028961e-02
-2.638495899736881256e-02
-7.572495937347412109e-02
8.855172991752624512e-02
-7.548719644546508789e-02
8.509641140699386597e-02
-4.611534625291824341e-02
2.151446193456649780e-01
-1.472529489547014236e-02
-2.037997096776962280e-01
-1.383418887853622437e-01
1.057201772928237915e-01
8.983617275953292847e-02
-1.218745633959770203e-01
-1.548637598752975464e-01
-1.179076656699180603e-01
-1.056270599365234375e-01
-1.571279764175415039e-02
7.181211560964584351e-02
-1.566977798938751221e-02
5.048444122076034546e-02
-6.393614411354064941e-02
-2.298438400030136108e-01
-4.740377143025398254e-02
-2.109115570783615112e-01
1.128584742546081543e-01
-7.228393852710723877e-02
6.992071121931076050e-02
4.550779983401298523e-02
-1.682267636060714722e-01
-4.825574532151222229e-02
-3.224575147032737732e-02
-1.172902714461088181e-02
5.053600296378135681e-02
-6.818667985498905182e-03
2.237889170646667480e-01
4.870036616921424866e-03
-1.534295231103897095e-01
-1.028915941715240479e-01
-3.719293326139450073e-02
2.742775380611419678e-01
1.367388367652893066e-01
-3.701120615005493164e-02
-4.399999976158142090e-03
1.529194135218858719e-02
7.172274589538574219e-02
-2.082180231809616089e-01
3.126648440957069397e-02
7.815113663673400879e-02
1.461018621921539307e-01
4.785880446434020996e-02
-3.779334574937820435e-02
-2.146188169717788696e-01
-9.812228381633758545e-03
-1.083000376820564270e-02
-2.090931385755538940e-01
6.671888381242752075e-02
6.097434461116790771e-02
-1.526850759983062744e-01
-1.243973597884178162e-01
-2.775322645902633667e-02
2.515497207641601562e-01
4.382728040218353271e-02
-7.566487789154052734e-02
-1.562832891941070557e-01
2.089125961065292358e-01
-1.470173448324203491e-01
-8.687486872076988220e-03
1.685558408498764038e-01
-1.181521713733673096e-01
-6.060010194778442383e-02
-2.232974320650100708e-01
9.046503156423568726e-02
3.258120119571685791e-01
6.859783083200454712e-02
-1.525777578353881836e-01
-1.071595866233110428e-02
-2.203972041606903076e-01
2.761199139058589935e-02
-3.558613359928131104e-02
2.090386487543582916e-02
-6.886613368988037109e-02
1.446457579731941223e-03
-8.694296330213546753e-02
-3.444343805313110352e-03
1.402741670608520508e-01
-1.330299396067857742e-02
-4.825942218303680420e-02
2.094965428113937378e-01
2.857163548469543457e-03
1.331111136823892593e-02
1.900490373373031616e-02
-7.277665287256240845e-02
3.154243156313896179e-02
-7.154920697212219238e-02
-2.026136405766010284e-02
-1.125370245426893234e-02
5.045653879642486572e-02
-1.281515210866928101e-01
2.275836095213890076e-02
1.006784886121749878e-01
-1.933814734220504761e-01
1.441074609756469727e-01
1.642584428191184998e-02
4.820615798234939575e-02
2.082686498761177063e-02
2.911068312823772430e-02
-8.382970094680786133e-02
-4.826228693127632141e-02
1.957785934209823608e-01
-1.936976760625839233e-01
1.993768811225891113e-01
1.508004963397979736e-01
3.093424253165721893e-02
1.071767061948776245e-01
1.950942352414131165e-02
9.942108392715454102e-02
-8.687408268451690674e-02
-3.041432797908782959e-02
-1.932661235332489014e-01
-2.392933145165443420e-02
1.175170466303825378e-01
-4.653994366526603699e-02
-1.841045916080474854e-03
6.094098091125488281e-02
