-1.744404286146163940e-01
1.226047873497009277e-01
5.250152200460433960e-02
2.670504525303840637e-02
-2.127725258469581604e-02
-7.957300543785095215e-02
7.738815248012542725e-02
-7.453637570142745972e-02
1.075560674071311951e-01
-6.155714392662048340e-02
1.848109513521194458e-01
-1.988399401307106018e-02
-1.909198760986328125e-01
-1.320037990808486938e-01
9.323019534349441528e-02
7.597404718399047852e-02
-1.466683298349380493e-01
-1.428359746932983398e-01
-1.182752624154090881e-01
-8.227396756410598755e-02
-2.117989957332611084e-02
7.542223483324050903e-02
1.606731908395886421e-03
5.248944833874702454e-02
-5.454389005899429321e-02
-2.395113855600357056e-01
-5.211377143859863281e-02
-2.051031887531280518e-01
1.568598002195358276e-01
-5.336166545748710632e-02
4.600993543863296509e-02
4.752996563911437988e-02
-1.860824674367904663e-01
-3.845517337322235107e-02
-3.090982697904109955e-02
6.124721840023994446e-03
4.235783219337463379e-02
1.835864037275314331e-02
2.072929739952087402e-01
-4.601969383656978607e-03
-1.508049219846725464e-01
-7.874229550361633301e-02
-3.991150483489036560e-02
2.722361087799072266e-01
1.447504311800003052e-01
-1.539887394756078720e-02
-3.414352983236312866e-02
1.120418775826692581e-02
8.984494209289550781e-02
-2.089281827211380005e-01
2.570578455924987793e-02
8.805735409259796143e-02
1.182074695825576782e-01
6.845377385616302490e-02
-3.334874659776687622e-02
-2.120790332555770874e-01
1.139800995588302612e-03
1.036652177572250366e-02
-2.147141546010971069e-01
7.530599832534790039e-02
5.607141181826591492e-02
-1.736220717430114746e-01
-1.290393769741058350e-01
-2.341911569237709045e-02
2.583473026752471924e-01
3.769005462527275085e-02
-7.958898693323135376e-02
-1.586745977401733398e-01
2.137165665626525879e-01
-1.731265485286712646e-01
1.588088087737560272e-02
1.580896228551864624e-01
-9.750396013259887695e-02
-4.489274695515632629e-02
-2.292498052120208740e-01
1.097591146826744080e-01
3.156280219554901123e-01
9.158333390951156616e-02
-1.200730055570602417e-01
1.395205128937959671e-02
-1.937409639358520508e-01
3.036303259432315826e-02
-4.063132405281066895e-02
3.374212980270385742e-02
-9.322928637266159058e-02
-6.021028384566307068e-03
-8.823674172163009644e-02
-6.136965006589889526e-03
1.189825981855392456e-01
-1.428273785859346390e-02
-1.780680194497108459e-02
2.088494747877120972e-01
-3.922183066606521606e-03
3.371926397085189819e-02
5.610190331935882568e-03
-8.935735374689102173e-02
2.121265977621078491e-03
-8.991765230894088745e-02
-3.886130452156066895e-02
-1.027802005410194397e-03
4.595311731100082397e-02
-1.422968953847885132e-01
1.431870087981224060e-02
1.093267798423767090e-01
-1.753770411014556885e-01
1.335452198982238770e-01
1.340912096202373505e-02
2.897543460130691528e-02
3.991986066102981567e-02
4.628122225403785706e-02
-6.854432076215744019e-02
-7.414087653160095215e-02
1.727039813995361328e-01
-2.054115235805511475e-01
2.328190803527832031e-01
1.488906741142272949e-01
5.690521374344825745e-02
1.184277385473251343e-01
1.366861909627914429e-02
1.137911006808280945e-01
-8.714334666728973389e-02
-6.296890787780284882e-03
-1.801112443208694458e-01
-3.588977828621864319e-02
1.194586157798767090e-01
-5.028576031327247620e-02
-2.286083623766899109e-02
4.950496554374694824e-02
