-2.029628306627273560e-01
9.374248236417770386e-02
9.505466371774673462e-02
2.907363511621952057e-02
-2.003860473632812500e-02
-7.101620733737945557e-02
6.443081796169281006e-02
-7.161064445972442627e-02
9.874781966209411621e-02
-5.986280366778373718e-02
2.002146840095520020e-01
9.089211001992225647e-03
-2.225992977619171143e-01
-1.263258755207061768e-01
1.262926757335662842e-01
9.366707503795623779e-02
-1.302734911441802979e-01
-1.519085019826889038e-01
-1.227692514657974243e-01
-9.231176227331161499e-02
-2.752455882728099823e-02
6.966832280158996582e-02
-1.053896639496088028e-02
5.385174602270126343e-02
-5.583999305963516235e-02
-2.377658039331436157e-01
-7.349391281604766846e-02
-2.160715907812118530e-01
1.075613498687744141e-01
-3.370798751711845398e-02
5.094278231263160706e-02
3.713592141866683960e-02
-1.655189543962478638e-01
-3.464134410023689270e-02
-4.781595617532730103e-02
9.729797020554542542e-03
3.275699540972709656e-02
-2.270480617880821228e-03
1.962928026914596558e-01
-1.691759377717971802e-02
-1.774376630783081055e-01
-6.582622230052947998e-02
-5.560017377138137817e-02
2.583816051483154297e-01
1.124818772077560425e-01
-1.846615411341190338e-02
-4.087273031473159790e-03
2.733748964965343475e-02
5.453512445092201233e-02
-2.311629056930541992e-01
2.884664759039878845e-02
1.036714315414428711e-01
1.491374671459197998e-01
4.290820658206939697e-02
-3.799950703978538513e-02
-2.201668322086334229e-01
2.428365871310234070e-03
9.971922263503074646e-03
-2.119997143745422363e-01
8.403924107551574707e-02
7.009553164243698120e-02
-1.742120832204818726e-01
-1.097099408507347107e-01
-2.731111459434032440e-02
2.500598132610321045e-01
8.142572641372680664e-02
-8.808100968599319458e-02
-1.518325805664062500e-01
2.025973796844482422e-01
-1.549125015735626221e-01
-7.667057216167449951e-04
1.653724461793899536e-01
-1.341434866189956665e-01
-8.403481543064117432e-02
-2.303645312786102295e-01
1.042102426290512085e-01
3.282756209373474121e-01
8.161780238151550293e-02
-1.418543010950088501e-01
-6.668473593890666962e-03
-2.254978269338607788e-01
5.414203926920890808e-02
-4.657932370901107788e-02
2.424685843288898468e-02
-8.404723554849624634e-02
-1.025553606450557709e-02
-1.073925793170928955e-01
-8.739149197936058044e-03
1.402859240770339966e-01
-2.463043667376041412e-02
-9.333053603768348694e-03
2.227191030979156494e-01
2.532115578651428223e-02
2.538953348994255066e-02
-3.246291540563106537e-03
-7.696349173784255981e-02
4.475318267941474915e-02
-9.732080996036529541e-02
-3.213061019778251648e-02
1.115225628018379211e-02
3.779911994934082031e-02
-1.292016804218292236e-01
1.747927814722061157e-02
8.418045938014984131e-02
-1.822647750377655029e-01
1.340191066265106201e-01
2.598606236279010773e-02
3.315594419836997986e-02
3.290316089987754822e-02
5.830421671271324158e-02
-8.615765720605850220e-02
-7.241814583539962769e-02
1.988868713378906250e-01
-1.906916499137878418e-01
2.112431973218917847e-01
1.784886419773101807e-01
4.659642651677131653e-02
1.084772050380706787e-01
2.281822636723518372e-02
1.190013810992240906e-01
-1.132787838578224182e-01
-3.964936733245849609e-02
-2.044091075658798218e-01
-2.797020785510540009e-02
1.322803050279617310e-01
-4.717161133885383606e-02
-2.380566298961639404e-02
7.237938046455383301e-02
