-1.955508589744567871e-01
1.063020154833793640e-01
9.104312956333160400e-02
4.675421118736267090e-02
-2.737658843398094177e-02
-8.093339204788208008e-02
5.715123564004898071e-02
-6.484714150428771973e-02
1.042011380195617676e-01
-5.002711340785026550e-02
2.025922834873199463e-01
-2.816103398799896240e-03
-2.122315913438796997e-01
-1.169006973505020142e-01
1.123478561639785767e-01
8.414546400308609009e-02
-1.318376511335372925e-01
-1.463003158569335938e-01
-1.082991361618041992e-01
-9.256128966808319092e-02
-1.215075701475143433e-02
7.317707687616348267e-02
-2.043823897838592529e-02
5.368106067180633545e-02
-4.457879066467285156e-02
-2.359543591737747192e-01
-7.606685161590576172e-02
-2.064403742551803589e-01
1.492806226015090942e-01
-6.409993767738342285e-02
4.269301891326904297e-02
2.649399638175964355e-02
-1.737148910760879517e-01
-5.493401736021041870e-02
-4.571071639657020569e-02
8.281448855996131897e-03
4.166043922305107117e-02
-7.471763994544744492e-03
2.020482569932937622e-01
-2.494270727038383484e-02
-1.697340607643127441e-01
-6.376890093088150024e-02
-6.049361824989318848e-02
2.577443122863769531e-01
1.286000460386276245e-01
-1.063317991793155670e-02
-2.398402430117130280e-02
2.273647114634513855e-02
5.579422414302825928e-02
-2.265557348728179932e-01
2.563692815601825714e-02
1.073486432433128357e-01
1.376225054264068604e-01
5.166809260845184326e-02
-5.371153727173805237e-02
-2.140286117792129517e-01
-1.910304650664329529e-02
1.236506551504135132e-02
-2.139820903539657593e-01
7.461173832416534424e-02
7.538057118654251099e-02
-1.798286885023117065e-01
-1.203104704618453979e-01
-3.529325872659683228e-02
2.316990047693252563e-01
6.551942974328994751e-02
-7.314138114452362061e-02
-1.693099737167358398e-01
2.131402790546417236e-01
-1.719490140676498413e-01
-5.853216163814067841e-03
1.594433039426803589e-01
-1.139228269457817078e-01
-7.210268080234527588e-02
-2.249331325292587280e-01
1.196953505277633667e-01
3.186919093132019043e-01
8.304426074028015137e-02
-1.337788403034210205e-01
1.465471368283033371e-02
-2.039292007684707642e-01
4.736563563346862793e-02
-5.144021287560462952e-02
1.675523631274700165e-02
-6.975696980953216553e-02
-1.262193825095891953e-02
-9.968742728233337402e-02
-3.300489857792854309e-03
1.300591379404067993e-01
-2.287044748663902283e-02
-1.140330801717936993e-03
2.075572460889816284e-01
1.011731196194887161e-02
4.403838887810707092e-02
6.850970908999443054e-03
-6.884476542472839355e-02
4.156401008367538452e-02
-8.438979089260101318e-02
-4.028851166367530823e-02
1.675348728895187378e-02
5.209967866539955139e-02
-1.124546974897384644e-01
2.240230888128280640e-02
9.533592313528060913e-02
-1.657470911741256714e-01
1.389354020357131958e-01
2.125258557498455048e-02
2.819566242396831512e-02
3.612665459513664246e-02
4.597712308168411255e-02
-8.227673918008804321e-02
-6.501003354787826538e-02
2.060604542493820190e-01
-1.916697025299072266e-01
2.309968769550323486e-01
1.706670373678207397e-01
4.494878649711608887e-02
1.093482449650764465e-01
2.398922853171825409e-02
1.185630708932876587e-01
-9.112808853387832642e-02
-3.792694956064224243e-02
-2.174325138330459595e-01
-3.485989943146705627e-02
1.256468594074249268e-01
-5.725160613656044006e-02
-3.521939739584922791e-02
6.474056094884872437e-02
