-2.031104564666748047e-01
1.251644194126129150e-01
1.067763939499855042e-01
4.371622577309608459e-02
-3.081616386771202087e-02
-7.308441400527954102e-02
6.042392179369926453e-02
-6.712549179792404175e-02
1.068949028849601746e-01
-6.361357122659683228e-02
2.022393494844436646e-01
-1.061494462192058563e-03
-2.148569077253341675e-01
-1.112240254878997803e-01
1.136697679758071899e-01
7.662102580070495605e-02
-1.371723115444183350e-01
-1.600726246833801270e-01
-9.839933365583419800e-02
-8.755442500114440918e-02
-1.205596514046192169e-02
6.885079294443130493e-02
-2.583593130111694336e-02
3.879950940608978271e-02
-5.833661556243896484e-02
-2.459130883216857910e-01
-7.486309111118316650e-02
-1.973715275526046753e-01
1.469369828701019287e-01
-6.292141228914260864e-02
5.115243047475814819e-02
2.514172717928886414e-02
-1.650502979755401611e-01
-3.813336789608001709e-02
-5.897549539804458618e-02
-2.884069457650184631e-03
5.776142328977584839e-02
6.826752796769142151e-04
1.927074640989303589e-01
-7.939079776406288147e-03
-1.872564703226089478e-01
-7.883062958717346191e-02
-7.072599232196807861e-02
2.663040459156036377e-01
1.367081403732299805e-01
-1.023181062191724777e-02
-3.825706616044044495e-02
3.529138118028640747e-02
5.436194688081741333e-02
-2.320161014795303345e-01
2.910817787051200867e-02
1.059294492006301880e-01
1.343396902084350586e-01
4.793706163763999939e-02
-5.883504822850227356e-02
-2.134109437465667725e-01
-2.827587723731994629e-02
3.994064405560493469e-03
-2.185958921909332275e-01
7.407628744840621948e-02
7.133416831493377686e-02
-1.972056031227111816e-01
-1.145364567637443542e-01
-3.163952380418777466e-02
2.261657118797302246e-01
7.321703433990478516e-02
-6.688874959945678711e-02
-1.691746413707733154e-01
2.170870751142501831e-01
-1.730307936668395996e-01
-6.276772823184728622e-03
1.509558856487274170e-01
-1.144937425851821899e-01
-6.744559109210968018e-02
-2.232663780450820923e-01
1.283783018589019775e-01
3.037997484207153320e-01
8.313854783773422241e-02
-1.283392906188964844e-01
2.944841980934143066e-05
-1.970426589250564575e-01
5.213026702404022217e-02
-5.369219556450843811e-02
2.237421274185180664e-02
-7.493716478347778320e-02
-1.895433664321899414e-02
-9.544154256582260132e-02
-1.488526165485382080e-02
1.312497407197952271e-01
-2.679970860481262207e-02
-1.141778752207756042e-02
2.146916985511779785e-01
-5.606515333056449890e-03
3.550471365451812744e-02
8.689938113093376160e-03
-7.011760026216506958e-02
3.569164872169494629e-02
-7.703594863414764404e-02
-3.993924707174301147e-02
9.381882846355438232e-03
5.513032525777816772e-02
-1.224905103445053101e-01
1.874393969774246216e-02
1.047627851366996765e-01
-1.740625500679016113e-01
1.322970092296600342e-01
1.838745549321174622e-02
2.631039172410964966e-02
4.327832534909248352e-02
4.427919909358024597e-02
-8.052634447813034058e-02
-8.024160563945770264e-02
2.091029882431030273e-01
-1.790338307619094849e-01
2.329820990562438965e-01
1.842465549707412720e-01
4.719489812850952148e-02
1.149131506681442261e-01
3.049521334469318390e-02
1.111489087343215942e-01
-8.278311043977737427e-02
-2.992736175656318665e-02
-1.964211314916610718e-01
-3.313396126031875610e-02
1.272494792938232422e-01
-6.284624338150024414e-02
-4.599666595458984375e-02
6.016051396727561951e-02
